0
0
0
1
0
1
0
0
-1
-1
0
0
0
1
0
-1
-2
0
0
-1
0
-1
1
-5
-1
-2
0
-5
-4
-2
-4
-5
-6
-4
-4
-6
-4
-4
-3
-2
-4
-2
-5
-4
-6
-8
-7
-9
-8
-8
-7
-5
-6
-4
-6
-3
0
-3
-3
-8
-2
-11
-10
-8
-9
-7
-10
-8
-7
-10
-3
-5
-8
-10
-8
-9
-13
-1
-5
-13
-10
-8
-7
-9
-9
-12
-8
-11
-3
-3
-9
-5
-8
-6
1
-11
-1
-8
-8
-12
-8
-3
-17
-17
-16
-4
-1
-18
-21
-15
0
-19
-5
-20
-26
-4
-20
-17
-15
-16
-8
-15
-14
-11
-30
-30
-13
-21
-19
-34
-11
-23
-14
-9
-14
-24
-10
-22
-1
-15
-18
-11
-24
-24
-20
-16
0
-19
-16
-35
-4
-12
-18
-23
-28
-27
-8
-8
-32
-11
-3
-6
-37
-7
-37
-6
-20
-11
-2
-41
-18
-19
-16
-52
-15
-40
-47
-18
-9
-18
-32
-33
-43
-27
-39
-54
-19
-42
-58
-18
-5
-13
-40
-25
-35
-5
-32
-24
-18
-40
-5
-24
-55
-29
-36
-10
-41
-17
-33
-26
-29
-31
-32
-18
-13
0
-31
-43
-37
-25
2
-52
-51
-15
-35
-55
-16
-54
-2
-28
-17
1
-16
-25
-35
-22
-33
-20
-21
-17
-41
-43
-52
-38
-23
-10
-39
-26
-28
-35
-1
-14
-28
-21
-25
-10
-15
-35
-28
-36
0
-2
-11
0
-22
-30
-12
-9
-21
-10
-35
-14
-38
-31
-32
-34
-29
-5
-13
-31
-16
-2
-16
-9
-32
-13
-28
-12
-9
-31
-42
-9
-18
-32
-20
-35
-5
-19
1
-25
-25
-31
-40
-25
-20
-19
-36
-19
-18
-20
-36
-8
-32
-30
-16
-41
-22
-10
-8
-14
-9
-31
-29
-19
-12
-31
-39
-22
-19
-14
-2
-17
-12
-1
-4
-18
-22
-9
-11
-1
0
-7
-8
-13
0
-22
-7
-4
0
-26
-13
-14
-22
-2
-18
1
-17
-10
-17
-17
-10
-19
-14
-9
-25
-12
-3
-17
-23
-4
-27
-19
-1
-8
-14
-11
-5
-6
-5
-20
-12
-13
-11
-12
-19
-3
1
-18
-18
0
4
-20
-12
-3
-7
-4
-1
-5
-17
-19
-1
-25
-13
-14
-15
-17
-13
-1
-6
-11
5
-13
-7
-7
-12
-12
-16
-7
-4
4
-7
-5
-7
-5
0
-11
-4
11
-5
-7
-5
-8
-10
-9
-2
-10
-9
0
-7
-20
0
-7
-7
-2
-5
-5
-9
-2
-9
-14
-8
-11
-12
-2
-7
-3
-4
3
-7
-5
-10
-6
-7
2
-17
2
1
1
5
10
3
-2
-9
-5
-2
-8
-9
-8
-11
-1
-4
-2
-6
-22
3
2
-10
-5
-1
-1
1
3
-1
-3
-13
0
1
4
0
2
-8
-1
2
6
0
-13
3
5
-2
-1
-15
-13
-9
0
-1
-4
5
5
8
-4
-2
4
8
2
-5
3
-4
-5
-3
-9
-9
0
-8
-10
-6
-8
-2
3
-11
-5
4
1
-9
0
1
-1
-1
6
-13
6
-1
-7
11
3
-1
-3
10
9
6
8
4
2
-4
13
-3
5
1
12
4
-7
-5
-2
-3
11
-5
1
-11
-10
-18
5
-1
2
4
1
-6
-1
2
-12
0
2
1
4
11
4
0
-4
-6
13
13
24
9
8
8
-11
16
-6
-1
1
-1
-9
-8
8
-2
-14
-8
2
1
-2
8
6
-5
-8
-17
-11
-2
-7
-9
5
-5
-7
6
4
-13
-7
-5
-6
4
-5
-4
-1
1
-18
-10
-11
-3
-16
-7
-8
-6
-7
-9
-21
1
-15
-2
-8
-12
-8
-4
-9
-22
-23
-1
-18
-7
-9
-1
-8
-7
5
-9
-1
0
-1
3
-12
-16
-4
-11
0
1
-19
-15
-7
-15
-7
-9
-11
-11
5
-22
-15
0
-16
10
-9
-4
-10
-9
-3
-9
3
-15
-8
-10
3
-2
-8
-3
-3
1
-7
8
-4
-21
8
-6
-11
-8
6
-2
7
-5
-14
-12
-9
5
6
-3
13
-10
1
-13
7
7
11
-10
-16
-11
-3
-11
11
-10
-12
-12
10
8
-13
10
18
9
-11
-10
3
7
-18
13
10
20
21
4
-6
-16
16
-19
12
-11
5
-12
-13
12
-7
-12
-1
-16
9
12
7
-15
-15
-14
8
-4
1
-8
6
6
3
0
25
-1
-10
-13
-9
-5
10
-5
3
-6
-4
12
-9
-5
-1
10
-10
-8
-8
-5
4
-13
3
-4
4
-7
14
6
-3
-11
-13
-2
9
5
-2
-13
-24
-2
-3
-5
-6
-9
-12
2
-5
3
-17
-9
-3
9
-7
-20
-14
-2
-15
6
-17
-8
-9
-10
-15
-22
-14
-22
-12
-6
-23
-7
-25
-1
-6
-18
-6
-7
-19
-24
-31
-38
-8
-19
-20
-33
-13
-17
-15
-4
1
-16
-9
0
-6
-30
-36
-8
3
-24
-9
-10
-26
-20
-17
-12
-21
-12
-31
-17
-28
-21
-13
-13
-13
-24
-22
-41
-13
-24
-15
-14
-20
-15
-19
3
-22
-9
-5
-14
-23
-24
-6
-23
-12
-24
-14
-18
0
-29
-30
-6
-13
-12
-30
-20
4
-18
-13
-23
-41
-20
-37
-39
1
-20
-40
-30
-25
-40
-32
-17
-23
-23
-16
-22
-13
-16
-38
-42
-19
7
-30
-10
2
-9
6
4
-15
-3
-7
-40
-54
-36
-17
-8
-32
-30
-22
-26
-57
-38
-8
-10
-14
-20
-23
-38
-24
-17
-24
-45
-8
-10
-45
-18
-47
-17
6
-19
-37
-28
-10
-10
-12
-17
-58
-19
-43
-34
-26
-13
-30
-48
-34
-23
8
-13
-51
-18
-22
4
-54
-29
-32
-20
-48
-13
-32
-29
-50
-32
-58
-39
-43
-55
-38
-27
-23
-14
-14
-37
-30
-4
-29
-45
-45
-22
-46
-53
-18
-10
-27
-33
-24
-18
-54
-23
-25
-59
-18
-43
-44
-9
-8
-8
-69
-45
-55
-59
-66
-63
-72
-73
-28
-27
-10
-12
-68
-61
-9
-45
-11
-17
-12
-10
-43
-55
-77
-65
-28
-64
-58
-11
-10
0
-26
-77
-36
-10
-57
-63
-57
-9
5
-28
-33
-61
-16
-30
-8
-49
-21
-19
-25
-17
-30
-51
-49
-21
-54
-10
1
-26
-31
-26
-49
-18
-46
-4
-1
-36
-5
-18
-16
-11
-7
-29
-43
-19
-43
-42
-26
-41
-10
-18
-42
-30
-18
-20
0
-17
-35
-5
-8
-51
-26
-50
-8
-45
-58
-9
-19
-23
-4
-53
-36
-24
-12
-27
-19
-23
-55
-51
-11
18
-52
-50
-48
17
-59
-10
-17
-40
-77
-55
-46
-14
-50
-20
-32
-20
-21
-55
-11
-29
-59
-19
-7
-27
-79
-22
-76
-29
-27
-64
-53
-24
6
-60
-61
-33
-25
-53
-19
-73
-34
-28
-38
-4
-20
-18
-25
-35
-52
-50
-13
-37
-29
-31
-20
-35
-30
-34
-46
-53
-54
-52
-26
-33
-45
-39
-50
-11
-29
-33
-25
-39
-20
-6
-59
-22
-50
-19
-38
-56
-22
-30
-9
-8
-39
-41
-11
-20
-44
-13
-2
-23
-12
-62
-30
-8
-31
-8
-25
-38
-22
9
-6
-14
-28
-40
-6
0
-27
-5
-59
-33
-10
-24
-38
-57
1
-30
-39
-34
-20
-25
-26
-14
-17
1
20
-31
-47
-3
7
-5
-32
-26
-8
-25
-18
-34
-44
-24
-23
3
-23
6
-43
-30
-18
-10
-23
-5
-23
-15
-26
6
6
-4
-1
-24
22
-23
-19
-9
-20
-20
5
-21
-6
-14
-27
4
-22
-23
-13
5
-15
3
-11
-5
-22
-21
-23
-21
-16
-32
-10
0
-21
-6
-32
-13
-22
-16
6
-31
-38
9
12
-51
6
12
-35
-16
-12
13
-3
-25
-7
-12
-1
-2
-6
-5
-13
6
7
-28
-21
-19
-28
0
-5
-44
-4
-30
-10
-22
-15
-17
8
-30
22
-23
-32
4
-22
-9
-9
-28
-20
-22
6
-3
-24
-23
-13
-9
0
-28
-5
-24
-30
-18
-14
-37
-2
-9
-22
-27
-29
-13
-28
5
-34
11
-29
-10
-15
-10
-34
-28
-29
-30
-8
-36
-15
-12
-29
-2
2
-7
-38
-14
-39
-11
-14
-19
-16
-24
-2
-26
1
-21
-25
-16
-13
-34
3
-1
-12
-16
-23
-24
-12
-23
-3
-37
-18
3
-23
-28
1
-21
-12
-34
-24
-11
-8
10
-17
-23
-26
0
-19
8
4
-16
-16
16
-22
23
-10
3
-8
7
-29
-28
-28
-35
4
2
-15
8
-15
25
-3
-27
-9
-2
-32
-13
-13
-6
-10
-34
-13
-6
-4
-13
4
-16
-19
-20
-41
-1
-30
-2
-15
1
-22
-22
-5
-22
-5
-24
-3
-31
-28
-33
-34
-30
1
0
-30
-19
-21
-27
-26
-46
-16
-34
-31
-16
-40
-7
-36
-54
-27
-7
-22
-31
-23
-29
-17
-32
-36
-41
-16
-28
-35
-32
-47
-32
-32
-4
-24
-3
-47
-29
-23
-42
-35
-40
-22
-8
2
-38
-36
-35
-28
-35
-7
0
-27
-32
3
-4
-28
-13
-39
-28
-49
-51
-47
-14
-37
3
-38
-21
-37
-41
-5
-11
-38
-7
6
-22
-8
-9
-29
-44
6
-64
-4
-48
-24
-23
-5
-12
24
-17
-27
-34
11
-7
0
-14
-27
-26
-37
-6
-45
-22
-20
-21
-8
-10
-46
2
-43
-46
-1
-37
-59
0
-40
-17
24
11
-17
-31
-51
-36
-23
-13
19
-43
-10
-39
-14
3
-17
-39
-5
-39
-3
-40
-37
-36
14
-35
-16
-44
-27
-27
18
-30
-43
-15
-35
-25
-32
-13
-55
-31
-21
-25
14
-8
-9
-16
18
-17
-26
-2
-22
0
-18
-23
-29
-55
-13
-35
-40
-31
-7
-56
-33
-8
-31
-31
-36
-20
5
21
-23
-8
-34
2
-64
-14
6
-35
-33
-14
-31
-28
-32
-14
2
-11
-11
-18
5
6
-23
-3
16
-28
-15
-5
-23
-27
-30
-10
-25
1
-24
-39
5
-24
-12
-11
6
1
-39
-22
-15
-29
-59
3
3
-16
-35
-28
-12
10
4
3
-32
-19
-6
4
-3
-8
-19
2
-19
18
-27
-27
-43
12
-29
-36
1
2
1
-23
-10
-25
15
-28
12
-27
-7
-19
-16
1
-47
16
-3
3
-43
-37
24
9
-26
-48
18
-28
-9
4
-48
5
14
-2
-39
-28
-30
1
12
-28
-21
-23
21
19
19
-25
-1
19
17
14
-2
20
-7
-27
16
-3
-8
-22
8
-20
-16
-17
13
-21
-36
-24
3
-7
23
4
-27
-13
9
2
14
-21
-16
-10
26
-15
11
-6
4
-20
9
-4
9
-17
-17
-9
28
-47
14
-14
-3
7
12
-4
26
-15
-18
-48
-45
12
-16
-29
24
-19
4
-14
4
-7
8
-3
2
-13
8
-38
-28
19
-25
22
-54
-25
-7
-25
-18
-22
-8
10
-12
6
-17
25
-13
-40
-28
0
-1
-4
2
-19
3
-46
-22
-5
-31
11
-23
-64
-7
-23
-35
-42
-29
-68
3
-23
16
-1
-5
-24
11
-27
-72
-20
-34
-11
7
-27
-24
-11
-25
-8
7
0
-16
-7
-32
-9
-10
-28
-46
-46
-42
5
-35
2
-34
7
-8
8
-28
2
-5
-34
-18
0
-9
-34
-32
-21
-11
-31
-48
-27
-38
-13
8
-75
6
-31
11
-40
-47
-39
-30
-32
6
8
7
4
-39
6
-30
-20
-13
-16
-8
6
-30
-26
-30
11
8
-31
22
7
-35
11
-38
-33
-22
-1
-43
-47
-16
-86
-62
-43
-51
-63
-49
-53
-27
-95
9
-100
-48
-57
-23
-43
-14
-44
-28
-25
-10
-63
-6
-46
-51
-101
-6
-69
-35
-25
-54
-6
1
-35
-62
-76
-39
-52
-59
-67
-13
-45
-29
-45
-55
-41
-41
-48
-67
-57
-21
1
-7
-71
-33
-39
-3
10
-35
-18
-95
-11
-52
-74
-91
8
-89
-36
-6
-12
-44
0
-51
-15
-56
20
-55
-26
-57
-37
-33
-53
-37
-62
-27
-38
-3
-99
-66
-62
-33
-70
-13
-1
-53
-12
3
-85
-52
-66
-47
-58
-41
-36
-77
-41
-64
-13
-40
-69
-40
-63
-78
-97
-8
-16
-32
-28
-53
-16
-25
-33
-113
-60
-11
4
-78
-65
-87
-48
-99
-74
-80
-83
-37
-33
-56
-37
-46
-60
3
-57
-72
-45
-3
-109
-36
-50
-31
-50
-8
14
-73
-53
14
-62
2
-28
-12
0
-28
-81
2
-78
-45
-52
-61
-45
-64
11
-45
-30
-100
-79
-61
-34
-4
-44
-7
2
-47
-37
-41
-39
-65
-23
-31
-30
8
-39
2
-41
24
17
-26
-82
-45
-32
-61
-24
-75
-64
-8
-65
-62
-78
-8
-68
-68
8
-9
26
20
-35
-70
-74
-70
-23
-29
-81
-38
-60
-79
-76
-73
-70
-76
-73
0
-38
-55
-40
-82
-80
-86
-25
-84
-118
-120
13
13
-98
-52
-5
-46
-48
-13
-29
-56
-69
8
-13
-81
-56
-78
0
-34
-109
9
-116
-79
-87
-82
3
-28
-60
-96
-44
12
-59
12
-89
-105
-44
-72
-77
-93
-87
-51
-35
-11
-50
-76
-5
-57
-86
-1
-39
-76
6
-70
31
5
-55
5
-95
-35
-43
-23
-65
-55
-98
-77
-81
17
-82
11
17
-53
-34
-23
0
-115
-28
7
-65
-74
-36
-94
18
-38
-33
-34
-37
-53
-25
2
2
12
1
-81
-72
-35
-69
16
4
6
16
-54
21
-86
-24
-78
-44
-47
-73
14
-104
-83
35
-118
-38
-48
-28
-38
-60
-38
-51
-78
-85
-42
-44
-126
-106
-51
-28
-40
-49
-46
-65
-58
-113
-30
5
-95
-54
-34
-45
-116
10
-35
-83
-42
-83
-25
20
-49
-80
-82
-91
-27
-24
-93
-24
-37
27
32
-77
-45
14
-82
-41
14
-20
-48
-44
-44
2
-32
-37
-23
-21
4
-84
-41
-87
-43
-20
-50
16
4
-17
-34
-40
-30
-28
-80
-32
-25
-37
28
-92
3
-19
-23
0
-47
-113
10
-11
-38
-38
-52
-17
-32
-36
-80
2
17
-25
-55
-37
-42
-4
14
-76
-80
-38
-83
-37
-77
-78
22
-31
-50
-20
-77
18
5
-88
-109
-40
-48
14
5
-61
-53
30
11
9
-84
-91
-83
-103
-37
-57
-38
-13
-43
-84
-102
-85
-101
-85
-47
-7
0
-96
-99
-56
-90
0
-88
-77
5
-52
-84
-55
-40
-27
11
-37
21
-93
-99
-38
6
-10
-21
-75
18
1
-6
1
-50
-80
4
-77
-113
-90
-85
-103
-77
-50
2
-110
-22
-102
-26
-32
-42
-93
6
-25
-99
-13
3
19
-38
-42
-84
-79
-86
-99
-100
-10
-75
-44
-99
-92
-56
8
-26
-84
-90
-40
-98
-31
-58
-63
-105
8
-34
-89
-63
-46
-42
-121
-82
-14
-82
11
-81
-33
-82
-58
-23
-102
6
-62
-31
-46
-105
-59
7
-94
4
-55
0
-83
-35
-90
-30
-13
0
-38
-82
-4
-44
-27
-97
-32
-44
-17
-102
-28
-1
-86
-102
-82
-92
-95
-32
-92
-40
-42
-84
-41
-83
-38
7
-55
-33
-30
-81
10
-107
-85
5
-33
-77
-44
-103
-19
-85
29
-80
-82
-94
-31
26
-32
-33
-86
-17
-24
2
-25
-95
-36
-90
-92
-35
-83
-49
-32
-35
-43
-28
-17
-11
-2
-83
5
-18
-26
9
-17
-94
-80
-38
-88
-22
-15
-3
-75
3
26
-6
-9
-18
-32
-12
-32
-12
-101
5
19
-80
7
-30
-31
-27
-77
-1
-77
-31
1
10
-6
-14
-93
-78
-70
-75
-26
-33
-28
9
3
-88
-79
-31
-28
-65
-68
-16
-17
-67
-19
-65
-16
-78
5
-83
-68
-1
-85
-80
-43
-89
-31
18
27
-65
-23
-48
-78
5
2
-72
-37
-75
-73
-90
7
6
-36
2
-36
-32
-67
-15
-66
0
-9
-75
-21
-97
6
-90
-47
-75
-23
-64
-70
1
21
-34
-43
-22
6
-85
-77
11
-14
-30
-74
-27
-96
-33
23
-76
-18
-80
18
4
-69
-25
-96
-13
-9
-67
-15
-34
-84
-72
-67
-5
-80
-12
20
-23
-34
-14
-54
-67
-54
-82
-16
-2
16
29
-15
-21
-62
-21
9
-22
-30
-21
-22
-73
-21
-54
-64
22
-15
13
-1
-30
-74
0
-5
-24
-36
17
-44
-39
6
-16
12
3
-29
-13
16
14
-13
-83
-36
-8
-24
-88
-27
-74
-87
-29
-88
10
-38
5
-23
0
-90
1
-63
-68
-27
-27
-71
-18
-81
13
-4
-14
1
1
-65
-27
-57
5
-63
16
14
-66
-3
-40
-33
-16
-11
-46
-104
1
-27
-96
-56
-2
-97
-49
-39
-68
-21
-46
-57
-25
-48
15
-26
-16
-55
-19
-26
-85
-38
-32
-26
-13
-32
-27
-21
-34
-21
-76
-18
-42
-27
-35
-63
-60
-66
-31
-73
-31
-18
-29
-21
-37
-26
-11
-32
-49
-82
-32
-63
-45
-34
-56
-48
-77
-4
0
-83
-27
-4
-18
1
-52
-22
-94
-63
-5
8
-27
-21
-37
-46
-25
6
-67
-77
-33
-17
-30
-21
-61
-7
-31
-83
3
-67
-68
-19
-17
-10
-77
-52
-46
-37
-32
-39
-21
3
-23
-48
-30
-28
-28
-69
-80
-94
-20
21
-68
-35
-63
-41
-91
-38
-20
-37
13
-18
-36
9
-72
-62
-31
-36
-42
-20
-3
-65
-18
-68
-26
-102
-74
-2
3
-37
-20
-38
-79
9
-15
-74
14
-86
-7
-89
-65
10
-84
-21
-48
-36
4
-24
-105
-100
-98
-22
-85
-36
-70
-28
-27
-45
-36
-99
26
-76
-48
-43
-67
-51
-138
-110
-37
-98
-30
-35
-31
-60
-63
-26
-21
-6
-70
-73
-62
-42
-42
-102
0
-121
-132
-41
-70
-89
28
-95
-14
-95
-57
-20
-40
-103
-70
-37
-61
28
-12
-79
-55
-9
-26
-91
-70
-23
-71
-54
-14
28
-39
-44
-27
-96
-61
-109
-40
-88
-68
-140
-61
-117
-94
-129
-141
-137
0
-36
-55
-85
-45
-76
-67
-49
-56
-64
-85
-81
-105
-47
-39
-43
-9
-66
9
-12
-75
11
-141
-138
-13
-102
-144
-101
-121
-117
-80
-111
-104
-109
-12
-145
-84
-55
-65
-43
-63
-107
-63
-75
-63
-52
-106
-49
12
-97
-8
-14
-62
-48
-114
-105
-7
-48
-55
2
-49
-100
-66
-91
-80
-16
-7
-30
31
-47
-68
-108
-108
-126
-112
-75
-122
-55
-47
-68
-15
-76
-142
-69
-27
-119
-56
-137
-132
-15
-4
-72
-139
6
-110
-59
-108
-120
-120
-81
-16
-137
-36
-103
22
-3
-50
-82
-26
-64
-101
-118
-64
-52
-15
-92
-70
-87
-48
-87
27
-102
-124
-64
-121
-105
-89
-15
-78
-107
-19
-90
-87
-123
-80
-55
-132
-106
-118
-90
-47
-105
-68
-19
-97
-68
-104
-47
-72
-132
-77
-107
-32
-81
-90
-67
-108
-80
-62
-30
-49
-57
-14
-55
-49
-77
-28
-99
-122
