-1
0
0
-1
-1
-1
-1
-1
-1
-1
-1
-1
-1
-1
-1
-1
-1
-1
886
-1
8456
-1
545
-1
8980
-1
5771
-1
-1
3895
6915
-1
-1
-1
-1
-1
-1
8980
6965
925
6965
3368
6915
-1
-1
-1
7856
-1
-1
-1
-1
-1
5422
3793
8980
1729
0
3135
688
6915
886
9756
5568
4818
5736
6429
8804
3773
3465
8464
492
5771
7856
7281
4683
5550
8142
492
1421
7373
6429
5568
3368
2651
2590
5894
5060
5736
1155
492
6304
1255
4683
4259
19
5590
1801
2551
3730
3793
2551
1746
4930
4259
5542
886
0
5624
4919
3135
163
5189
358
4683
5550
545
4566
2754
2350
3058
1692
2460
2497
2009
5189
5021
1746
3483
4030
5060
1626
3205
1746
1155
1972
3729
1043
3033
19
1648
2036
925
3895
3426
2009
1936
49
2030
1574
3773
492
1305
1308
1746
3378
1776
569
569
3258
675
12
226
2350
280
2497
226
1308
492
72
2715
570
723
551
3033
498
2551
2900
688
415
688
1574
1801
2460
886
2685
2900
699
1850
3002
551
84
478
1972
1155
1729
12
1574
1155
723
2197
12
1017
2760
1574
1801
358
2497
492
1776
1476
1692
2297
1972
545
492
30
2009
2475
2181
1491
0
2551
2551
483
1956
2621
688
2551
12
1308
1173
30
1155
1491
1776
756
1626
1011
821
1120
2063
2040
2290
2197
1233
253
1776
1500
1305
1535
12
675
1298
886
1491
253
1017
1776
1298
1745
50
280
498
72
1225
1421
498
492
1225
483
1535
1011
1801
1626
1574
1936
1986
358
559
1972
551
50
1011
179
1790
964
1305
443
280
1776
1956
237
688
1745
723
1729
280
1017
19
1120
1233
1648
1850
1745
751
570
1574
570
1131
964
1515
280
1598
1690
492
1746
723
415
853
529
253
1745
1421
1043
483
1528
1801
634
886
492
3
925
1043
0
50
570
559
415
415
19
30
262
237
545
19
1491
244
244
769
1382
478
952
1225
3
529
0
559
84
415
1489
869
964
435
84
1087
212
19
559
1086
19
1515
492
631
821
952
262
868
237
754
1131
358
1386
262
415
1086
570
631
1011
1187
641
634
1120
226
688
1255
32
688
840
1305
1120
19
1308
443
292
1255
483
958
840
1043
551
570
358
1238
756
1043
1225
886
853
50
631
853
1187
1131
1131
769
1090
688
570
84
207
244
675
1155
763
637
853
529
635
226
1173
635
658
886
3
925
72
1089
3
262
435
99
857
478
545
952
964
253
737
99
260
880
1042
868
688
1089
688
0
0
529
545
12
84
756
821
688
443
424
880
392
483
99
675
392
1014
237
49
358
699
563
424
179
179
99
415
358
99
563
212
84
478
551
212
163
450
570
857
478
483
634
3
769
952
545
875
754
244
880
179
12
244
840
19
12
569
545
19
244
559
529
840
946
936
821
641
282
360
635
869
335
360
5
207
358
32
282
212
529
569
675
12
634
958
448
737
42
756
569
483
483
492
880
0
122
448
723
12
763
869
19
688
250
280
212
875
160
886
688
634
637
478
3
791
492
212
358
49
570
280
49
179
244
358
563
688
250
634
282
483
563
791
530
853
386
641
769
335
754
569
688
658
122
769
563
635
84
0
361
791
756
392
160
635
688
242
492
736
688
19
84
99
751
736
769
77
250
207
358
253
259
250
478
637
762
280
176
253
38
498
38
77
207
529
3
555
457
77
637
492
176
196
260
570
688
424
242
186
30
370
483
12
239
675
30
361
12
163
237
637
50
450
448
530
529
635
752
443
253
176
50
688
512
72
737
498
715
392
492
49
179
483
49
0
212
435
555
0
322
244
635
492
450
559
675
727
529
335
386
160
177
5
371
635
483
42
259
168
448
12
545
322
280
376
38
415
545
424
563
77
160
392
492
675
707
179
179
424
370
196
358
641
304
48
260
448
12
177
319
435
607
635
563
292
42
639
72
392
163
19
168
253
396
699
163
675
250
361
396
12
179
244
250
498
239
469
48
448
529
559
3
631
457
48
196
688
282
443
262
457
492
259
396
259
262
492
322
253
87
448
99
415
50
3
163
5
483
563
371
529
32
163
483
12
292
370
424
450
262
99
122
349
386
163
3
492
19
631
49
280
306
349
237
358
319
358
304
579
84
48
569
212
570
569
512
563
371
478
122
498
280
84
392
310
361
176
457
492
492
361
163
555
396
179
358
179
310
19
457
310
30
87
559
424
87
5
392
38
360
335
212
160
42
123
116
424
237
498
371
253
116
49
168
530
424
259
168
250
87
310
306
163
262
212
78
30
50
168
492
84
310
38
448
239
358
19
443
526
116
178
32
468
498
19
168
322
358
530
160
450
392
19
168
396
498
282
380
424
239
178
498
280
310
242
176
370
385
186
5
360
242
19
49
5
19
178
87
99
386
529
457
262
73
304
469
310
160
529
358
77
94
50
310
181
396
116
30
160
498
77
19
370
32
498
260
5
212
358
322
48
48
48
38
498
310
386
292
212
42
163
443
322
181
12
94
380
226
319
12
510
212
186
99
380
48
469
335
361
468
498
386
352
370
478
168
168
237
72
380
123
239
266
358
415
99
409
396
212
84
168
186
192
226
478
168
260
489
49
470
424
84
94
19
491
424
358
386
489
360
491
491
304
207
77
30
478
358
239
424
77
32
77
77
279
457
489
469
253
385
392
94
77
19
282
483
186
78
392
352
392
42
12
244
192
448
212
253
226
435
244
279
192
280
259
310
310
168
310
32
3
122
177
123
424
244
371
87
3
396
73
168
244
32
77
303
310
181
310
310
259
424
212
50
358
349
244
163
228
282
352
226
19
310
179
376
228
392
370
212
242
186
78
409
256
123
72
251
239
259
358
396
38
12
392
319
303
5
345
237
186
286
424
310
371
42
303
260
250
168
123
358
42
251
358
168
228
192
392
242
392
163
123
386
370
168
0
306
310
244
266
322
48
396
176
168
253
78
99
260
259
253
310
370
228
253
168
123
259
279
122
168
345
303
322
380
192
280
306
358
349
59
123
177
239
352
228
19
376
163
292
192
279
376
160
116
259
27
358
282
259
192
310
42
73
168
186
385
99
212
99
32
266
361
123
12
251
228
161
282
253
77
116
59
380
304
212
303
302
380
200
178
282
292
123
160
349
48
237
59
12
279
370
212
0
244
358
114
212
282
335
361
371
319
319
250
310
196
376
361
123
50
280
226
177
123
292
19
73
212
228
302
12
279
306
239
266
306
72
176
259
262
303
73
266
310
178
253
244
253
212
256
163
269
123
94
212
160
178
192
168
259
280
42
310
259
19
306
335
0
12
358
250
12
322
212
257
5
196
163
84
27
251
72
176
19
212
3
250
310
160
257
259
77
226
345
19
146
253
168
38
206
242
286
5
168
319
5
122
226
192
302
163
303
239
181
270
94
50
27
59
280
192
99
123
206
253
279
59
250
48
304
306
30
160
19
279
12
122
78
292
78
310
154
266
304
19
270
250
168
302
19
212
19
123
280
306
77
179
275
259
32
72
254
228
279
275
244
279
295
171
50
275
253
99
99
279
250
186
292
77
0
259
114
72
251
179
304
87
239
30
168
38
244
292
174
154
18
61
186
282
212
123
12
270
61
50
228
260
259
295
295
3
64
242
173
262
12
30
104
254
73
303
186
237
275
280
302
177
228
228
49
171
229
237
48
279
19
235
19
212
181
244
244
168
226
61
269
61
251
254
120
237
77
181
0
78
244
30
266
226
279
72
259
259
48
116
49
267
279
38
50
207
84
123
123
168
228
239
253
168
122
235
226
279
257
237
161
226
19
280
226
212
269
262
228
206
146
196
86
87
87
168
86
154
19
212
84
0
19
254
163
94
120
269
269
260
161
239
12
257
186
84
212
123
154
86
19
177
170
19
19
163
237
176
266
19
229
122
170
19
61
5
64
84
84
12
19
171
42
186
163
237
19
200
168
61
27
171
19
200
0
253
253
177
99
259
177
84
154
5
8
154
244
257
239
192
49
5
254
168
206
178
12
30
251
48
226
176
206
226
228
5
237
128
228
186
161
8
212
200
146
226
104
72
38
259
86
59
207
5
49
42
27
8
30
104
122
163
168
177
64
244
256
27
78
92
212
168
253
184
122
237
94
186
163
173
5
61
122
212
19
256
116
12
186
228
27
94
86
78
114
123
30
120
146
174
12
72
122
8
229
177
32
154
226
237
128
72
122
160
92
3
179
116
114
12
16
87
226
161
94
253
168
122
177
242
186
177
168
122
5
242
99
32
0
18
30
178
0
77
168
228
104
251
171
104
78
19
0
42
99
146
184
168
237
5
235
128
72
192
163
250
168
163
122
250
244
5
48
184
251
171
200
27
3
250
49
171
59
242
75
181
19
168
207
73
72
168
5
8
235
38
172
168
168
38
171
177
184
8
59
30
94
173
99
177
99
50
72
84
237
174
184
168
122
87
64
42
18
42
104
212
181
171
196
173
27
3
104
12
184
5
226
99
104
170
250
50
200
176
123
49
160
170
212
196
242
244
48
179
99
170
72
16
128
12
161
119
32
0
61
38
237
196
168
99
5
244
84
19
99
196
99
64
38
128
10
72
168
174
86
179
123
123
114
119
104
40
239
127
123
214
40
72
244
172
200
77
87
99
244
40
154
168
12
123
104
168
73
244
174
99
123
0
72
72
30
99
19
5
120
123
123
184
19
123
72
87
226
84
0
200
161
210
12
122
170
127
50
160
78
172
119
114
178
94
61
19
200
84
123
92
104
168
214
168
99
163
174
86
181
129
99
38
10
168
161
176
0
73
170
114
104
30
163
184
146
99
38
168
99
5
3
92
42
73
129
170
161
176
174
51
226
207
189
196
207
192
200
61
228
0
228
77
177
116
170
163
129
123
123
19
176
30
128
129
212
32
176
104
161
78
49
40
64
181
174
72
127
177
186
28
99
51
72
123
72
104
94
174
181
51
12
32
196
104
72
48
5
104
154
212
19
92
200
210
19
212
114
19
28
104
12
168
19
73
5
77
119
179
131
122
170
131
73
114
104
12
212
173
177
168
192
163
42
179
30
19
206
128
173
99
178
104
59
207
129
173
28
99
179
62
78
189
206
48
19
161
161
94
50
114
114
212
123
48
0
171
87
196
163
200
181
177
170
120
122
86
104
72
73
3
86
181
163
49
210
122
127
59
94
49
10
182
163
8
86
12
131
28
40
51
170
12
181
87
84
78
94
179
5
123
64
207
192
181
72
30
123
149
5
73
122
94
64
182
104
99
62
12
94
40
161
5
5
104
190
92
62
78
116
168
171
27
178
177
189
30
171
179
12
19
5
8
122
182
181
172
146
104
170
64
78
189
170
176
172
174
173
42
62
163
99
177
179
170
149
174
200
206
19
10
200
126
32
161
127
28
146
81
172
12
27
184
81
177
40
114
190
12
200
182
170
177
0
149
123
189
72
12
84
12
171
192
160
179
179
174
174
72
116
28
73
164
49
86
168
49
64
172
38
178
5
42
122
0
190
72
92
62
177
160
192
174
168
12
168
18
19
122
87
99
28
200
72
19
177
168
119
186
16
119
127
94
94
161
116
0
48
5
0
163
168
99
168
12
40
38
32
119
5
171
95
170
87
117
173
14
181
170
5
190
94
81
59
92
119
126
81
168
163
116
86
190
186
77
99
72
81
131
154
75
184
104
30
171
81
72
114
189
32
94
172
114
178
50
10
122
177
174
168
95
51
161
99
84
5
5
168
146
16
177
78
32
61
77
117
128
28
64
75
62
99
5
171
122
181
75
104
120
40
3
61
84
131
129
116
176
94
94
146
5
171
48
99
51
49
117
190
16
50
117
131
149
95
126
114
172
0
12
95
153
123
77
19
38
168
172
131
163
72
178
179
8
128
122
99
174
16
5
172
189
126
75
14
30
153
119
5
14
5
177
178
161
181
123
149
123
19
84
178
186
178
181
173
131
49
19
182
181
122
161
0
181
179
32
81
173
122
123
61
38
92
5
170
182
123
12
27
50
177
10
16
49
48
119
178
3
173
190
170
179
186
177
122
32
190
104
189
99
94
75
164
38
104
182
19
38
5
123
114
174
154
168
171
161
19
177
73
181
172
146
32
50
173
170
72
163
94
75
122
184
12
62
168
119
128
72
190
177
49
173
32
160
127
177
119
95
163
18
122
94
87
181
146
12
168
32
146
3
173
127
178
94
27
16
126
177
19
128
61
168
94
72
19
184
61
16
173
161
177
178
179
62
178
64
77
177
126
176
128
40
122
116
59
177
40
186
164
16
116
173
122
181
104
179
5
164
164
181
116
5
86
73
179
19
116
5
87
182
84
163
168
78
171
146
77
73
134
126
19
99
16
171
32
114
87
10
94
179
177
122
178
84
19
99
174
30
5
28
50
126
116
27
122
92
184
3
8
161
48
64
129
87
178
30
168
116
3
18
99
94
179
168
174
163
87
72
123
10
0
161
176
78
84
174
163
114
126
172
104
174
51
168
18
168
176
3
181
168
119
160
131
5
5
149
94
81
173
12
14
172
120
176
168
179
3
18
122
3
120
81
171
19
164
0
99
178
123
184
18
181
146
154
73
149
153
19
32
78
81
126
14
168
172
10
99
127
176
78
178
129
38
168
127
161
48
30
163
75
178
123
19
174
19
119
160
174
173
50
177
19
42
114
134
92
149
177
163
179
73
94
10
5
19
64
163
72
18
64
114
62
123
168
126
172
174
8
72
10
94
81
181
0
95
127
117
8
134
117
5
19
10
49
75
51
40
8
50
181
122
50
72
181
92
161
160
126
181
5
120
5
62
0
181
12
174
149
104
104
168
19
153
32
49
86
12
12
161
126
168
8
154
42
5
163
86
104
123
19
86
104
178
2
80
178
168
12
178
114
117
161
119
153
128
75
168
30
123
51
163
62
75
178
123
72
75
92
122
122
81
123
61
134
19
104
119
122
129
174
174
80
143
119
61
123
122
104
77
19
80
127
177
122
174
116
95
163
99
176
12
16
177
62
12
86
12
143
64
177
123
12
38
59
50
94
104
81
0
168
131
117
18
119
50
160
42
94
134
2
143
123
85
85
19
153
104
75
73
56
87
18
38
61
104
119
77
72
168
131
172
51
3
146
85
134
119
172
104
85
72
30
16
85
3
168
131
59
104
64
19
21
154
18
123
75
173
123
14
21
120
56
120
168
30
81
149
27
143
12
127
123
27
143
56
120
86
30
56
128
126
168
19
131
80
99
48
19
86
59
123
5
122
75
75
99
75
173
123
51
161
49
84
81
119
99
81
40
10
121
120
87
73
69
161
30
123
171
56
94
153
5
122
19
163
99
19
83
134
97
51
119
5
38
154
117
12
16
128
119
18
119
75
14
5
83
69
14
138
117
123
84
127
120
172
85
123
122
168
172
171
8
81
75
94
84
116
72
80
73
86
94
95
138
78
42
78
30
114
2
30
94
0
168
168
12
134
171
128
123
163
94
122
153
160
12
168
120
80
86
83
75
138
104
119
104
62
122
78
3
126
10
10
84
84
164
163
14
78
75
8
84
146
86
121
94
38
14
39
5
81
99
138
128
122
161
119
149
50
77
84
14
116
168
84
19
131
50
168
168
12
8
117
168
2
122
62
153
163
123
114
19
164
18
138
5
8
48
92
14
56
149
122
85
81
32
120
116
94
48
119
5
138
163
84
123
128
94
12
104
161
32
94
94
123
97
77
168
143
123
87
40
128
85
19
123
75
134
39
95
168
97
143
38
119
117
50
161
117
72
14
75
50
19
78
77
86
18
146
122
