1 886
1 6915
2 83
1 492
1 1421
2 0
2 0
2 39
1 3426
1 5736
2 53
1 6429
2 15
2 51
1 3135
2 98
1 3058
2 81
1 8456
1 8042
1 7373
1 4919
2 85
2 43
2 43
2 35
1 8980
2 18
2 91
1 7281
1 925
2 63
2 65
1 1729
1 5857
1 3895
1 545
2 33
2 3
1 3750
1 6808
1 7178
2 35
1 2651
2 23
1 5060
2 33
1 12
1 8586
1 7539
1 570
2 3
2 66
2 29
1 492
1 756
1 280
2 94
1 9689
1 6619
1 4729
1 8117
1 5771
1 675
1 8927
1 7856
2 23
1 6965
1 4683
2 86
1 2871
2 88
1 19
1 3368
1 6715
1 8149
1 723
2 22
2 34
1 3555
2 74
2 82
1 2350
1 1500
2 77
1 4914
2 58
1 6491
2 83
1 1936
1 2551
2 92
2 54
1 6121
2 43
2 12
1 3793
2 44
1 1011
1 9529
2 24
1 5763
2 45
2 68
1 4818
1 688
1 7917
2 69
2 77
1 2183
2 54
1 6725
1 5590
2 81
2 97
1 8082
1 8464
1 9507
1 8804
2 86
2 78
2 73
1 5568
1 5422
2 38
1 1801
1 3730
1 1305
1 8736
1 8626
1 3465
2 34
1 3258
2 76
1 5624
1 2036
2 18
1 5550
2 0
1 7131
1 4930
1 5894
1 163
1 7981
2 29
1 3773
1 9668
2 10
2 64
2 13
1 7684
1 5542
1 9107
1 9756
1 8418
2 94
1 2172
1 2009
2 52
1 7587
1 9301
1 7372
1 1255
2 45
1 9904
1 9811
2 56
2 62
2 91
1 6658
1 9224
1 7269
2 40
1 84
1 1972
2 38
1 5385
2 92
1 6042
2 7
2 61
1 2590
2 85
1 9336
1 1155
2 80
2 47
1 1776
1 7255
1 8142
2 58
1 3205
2 95
2 6
1 2754
1 4259
1 8202
1 3506
2 20
1 868
1 5189
1 9908
1 498
1 8808
1 6248
1 3333
1 1648
1 9754
1 1746
2 95
2 80
1 9797
2 69
1 3033
1 2497
2 48
1 9125
2 39
1 9188
1 3729
1 2460
2 39
1 6304
2 80
2 67
1 8902
2 76
1 1043
2 20
1 6403
2 6
2 85
1 5151
2 21
1 1692
1 6127
1 5629
1 964
2 64
2 63
1 2900
1 7971
2 2
2 79
1 5795
2 31
1 8390
1 5340
1 569
2 42
2 60
1 9117
1 6761
1 6309
1 5425
2 63
2 42
1 1626
1 6057
2 31
1 358
2 73
1 4346
1 4994
1 6552
1 3529
1 2290
2 69
1 9080
2 85
1 8627
2 18
1 8355
2 0
1 9479
2 89
1 2274
2 76
2 54
1 7888
1 4566
1 7284
2 4
1 2260
1 237
1 3059
2 85
2 7
1 8458
2 76
1 483
1 478
1 9314
1 5729
1 3459
2 94
2 13
1 1233
1 3681
1 358
1 699
1 1839
2 83
1 8794
1 9847
1 7462
1 9390
2 57
2 51
2 61
1 1491
1 2951
1 5021
2 37
1 4030
2 53
1 7516
1 3002
1 6139
2 54
2 45
1 9021
1 9862
1 5379
1 2685
2 99
1 3483
2 97
1 9744
1 9911
2 39
2 75
1 5105
1 49
2 87
2 99
1 7375
2 36
1 3768
1 4918
1 6882
2 69
2 40
1 1574
1 6593
1 253
2 30
2 47
2 83
1 5775
2 29
2 67
1 1017
2 2
1 5691
1 3943
1 6328
1 9291
2 40
1 6836
2 50
1 3858
1 4904
2 26
1 9685
1 3073
1 6851
2 92
1 6503
1 9006
1 4639
1 1120
1 226
1 7677
1 3981
1 7560
2 79
1 3518
1 6342
2 51
1 7321
2 49
1 4427
1 2040
1 72
1 5830
2 3
1 2030
1 3714
1 7522
1 6924
1 9435
1 9204
1 443
2 54
2 42
1 262
1 9683
2 98
1 8324
1 9122
1 7335
1 7457
1 2747
1 1776
1 5218
2 17
1 9933
2 39
1 2806
1 8720
1 1308
1 2698
1 6376
1 2715
1 5171
1 1559
2 40
1 8224
1 6539
1 3378
2 50
2 91
1 5989
1 8067
2 52
1 2231
2 21
1 3875
1 179
2 22
1 1131
1 7857
2 91
1 4603
2 24
2 1
1 9415
1 8825
1 8722
1 551
1 32
1 3181
1 415
1 9708
1 9999
1 2297
1 5776
1 8977
1 2587
1 3382
1 4266
1 8860
1 9211
1 9086
2 9
1 4583
1 1476
1 5820
1 7525
1 8839
2 74
2 13
2 76
2 9
1 6621
1 7955
1 4225
2 45
1 853
1 7722
1 2350
1 9097
1 9126
2 20
1 3149
2 5
1 8398
1 6610
2 85
1 8976
1 4552
1 6087
1 99
1 8566
1 7017
2 27
1 1298
2 31
1 5805
1 3428
2 25
2 95
1 2197
1 9672
1 6445
2 23
2 82
1 6127
1 5421
2 93
1 7334
1 8159
2 29
2 17
2 29
1 7716
1 1850
2 54
2 62
1 1173
1 6506
1 6364
2 82
1 3172
2 35
2 88
1 7280
1 5856
1 8341
1 5352
1 5511
2 95
2 30
1 4112
2 65
1 4667
1 1489
1 4154
2 98
1 6141
2 25
2 6
2 19
1 2760
2 68
2 43
1 3886
2 60
1 1535
1 2621
1 1790
2 1
1 4673
2 57
1 4295
2 43
2 31
1 9355
2 77
1 8156
1 2933
1 3286
1 5358
2 1
1 2181
2 39
1 50
2 99
1 8364
1 5624
1 3919
2 58
1 1238
1 4976
1 19
1 6343
1 1956
1 2475
1 8011
2 69
2 17
1 6868
1 5002
2 92
1 5216
2 23
1 7472
1 8957
1 6125
2 67
1 3418
1 8153
2 54
1 5393
1 5948
1 30
1 9559
1 2160
2 64
1 4280
2 89
1 3480
2 75
1 4140
2 27
2 25
2 4
1 4220
2 76
2 93
1 8270
1 7667
1 2671
1 8743
1 3899
1 7088
1 2386
2 82
2 57
2 0
2 96
1 7279
2 96
2 23
2 74
1 7330
1 7515
2 99
1 3881
1 5634
1 4387
2 32
2 96
1 6742
1 244
2 1
1 2063
1 6353
1 5269
2 54
1 6799
2 48
2 4
1 853
1 2450
2 48
1 5562
1 3610
2 59
2 69
1 9829
1 8816
1 821
2 36
2 65
1 1528
2 44
1 4045
2 37
1 5551
1 1386
1 9426
2 47
2 85
1 6092
1 9664
1 8820
1 4166
1 6354
2 84
2 94
1 6312
2 90
2 51
2 16
1 1745
2 74
2 62
1 559
2 56
2 65
1 8925
2 1
1 4089
1 3566
1 5812
1 5196
2 33
1 5186
1 3370
2 55
1 6141
1 2639
2 42
1 3590
2 62
2 16
1 8257
1 4571
2 46
1 1225
2 75
1 8972
1 634
1 5725
1 952
1 5472
1 3339
2 58
1 7661
2 75
1 2339
1 5344
1 7330
1 9294
2 7
1 8860
1 3292
2 18
1 1990
1 635
1 1598
2 27
1 570
1 2540
2 8
1 4800
2 56
2 64
2 27
1 1304
2 26
1 4523
1 4349
1 2530
1 6704
1 1986
2 56
1 9591
2 24
2 71
2 49
1 9053
2 84
1 9819
2 75
1 3768
1 7639
1 2438
2 73
1 4680
1 4486
2 87
1 4098
2 90
1 3179
1 6066
1 4425
1 4978
1 6966
1 6748
1 2272
1 1086
1 5159
2 19
1 1197
2 30
1 5951
1 8498
2 91
2 29
1 3
1 6784
1 6797
1 3633
1 6560
1 1014
2 8
2 50
1 8329
2 13
1 2634
1 7914
2 87
2 49
2 66
1 6616
1 9569
1 7409
1 1515
1 2833
1 7776
1 9613
2 23
1 3786
1 763
1 6508
1 9416
2 19
1 3540
2 88
1 7565
2 94
2 15
1 9853
1 4303
2 38
1 6534
1 9810
1 869
1 5815
2 86
1 1382
1 9451
1 5361
1 3037
1 5861
1 5981
2 40
2 86
1 3293
1 6628
1 7708
1 6942
2 19
1 7466
1 8500
1 6487
1 3332
1 5950
1 1633
1 2880
1 2293
1 2854
2 54
2 3
1 751
2 58
2 64
2 86
2 96
2 89
1 5014
1 769
2 41
1 3391
1 8411
1 9587
1 7836
2 34
1 6620
2 83
2 34
1 8534
1 9764
1 4697
2 60
1 335
2 54
1 2132
1 529
1 1690
2 81
1 2349
1 6422
2 19
1 2255
1 6766
1 936
1 8260
1 5220
1 9204
1 2983
2 87
1 6997
1 7127
1 2728
2 91
2 27
2 95
1 3660
1 8616
1 8223
2 42
1 7035
1 2563
1 1862
1 9895
1 7660
2 23
1 2173
2 48
1 4673
1 8481
1 1929
2 30
1 2280
1 4209
1 9747
1 2366
1 3759
2 17
2 94
1 3171
1 2958
1 4422
2 77
1 9090
2 60
2 26
2 83
2 99
1 12
2 38
2 53
2 28
2 1
1 1090
1 2626
1 2973
1 8865
1 3421
1 9409
2 54
1 2786
1 9833
1 6356
1 4410
1 6631
2 61
1 3446
1 7458
2 0
1 3165
1 1867
2 9
1 6238
2 37
1 9562
1 3832
2 34
1 9807
2 24
1 2538
1 5139
1 7470
1 392
1 8542
2 25
1 5743
2 5
1 1485
1 3720
1 5140
2 6
2 19
2 16
1 6630
1 5063
2 33
2 5
1 1492
2 84
1 7685
1 8094
2 17
1 2802
2 17
1 1087
1 6157
1 8602
1 8548
1 8986
1 840
1 7051
1 6956
1 7654
2 48
1 8482
1 6088
1 2337
1 5220
1 3694
2 80
1 282
2 28
1 5015
1 1884
1 9299
1 754
1 3236
1 292
2 61
1 6023
1 7721
2 75
1 6260
1 7902
1 6147
1 1089
1 6439
1 8017
1 5375
1 4511
1 8978
1 7377
1 2976
1 2161
1 2833
2 1
1 2999
1 3316
1 6839
1 5567
2 34
1 5767
1 6966
1 435
2 0
1 9719
1 212
2 39
2 11
1 8674
1 631
1 7208
2 28
2 92
1 4447
1 2676
1 4169
1 563
1 4931
2 61
1 2297
2 66
2 29
1 8401
1 3069
1 4416
1 8582
1 3682
1 8502
2 11
1 6790
2 72
1 4946
1 8447
2 15
1 7549
2 5
1 9013
1 7563
2 39
2 71
1 7036
1 6384
1 7209
1 2700
2 5
1 4835
1 450
1 1926
1 2362
2 98
2 35
1 6853
1 6634
1 2711
1 4105
1 1736
1 2034
2 45
2 57
2 66
1 3107
1 376
1 7601
1 5160
2 20
2 62
2 17
1 958
1 6554
2 54
1 9927
1 1801
2 79
1 260
1 6335
2 26
1 4712
2 93
1 1662
1 8628
1 9551
2 21
1 641
1 2481
2 30
1 7854
1 7736
2 76
1 8726
1 5733
1 1187
1 857
1 7724
2 45
2 47
1 5834
1 4401
1 8325
2 73
2 85
2 50
1 9826
1 8803
2 48
2 81
2 16
2 52
1 7946
2 90
1 5104
1 8408
2 7
2 52
1 555
2 62
2 94
2 82
2 4
1 9448
1 3681
1 2200
1 9651
1 7834
2 95
1 9164
1 7043
1 1955
1 6733
2 32
2 24
2 91
1 3510
1 3846
1 875
1 1924
1 7250
1 9885
1 4319
2 35
2 73
1 4896
1 6644
1 8530
1 6746
1 3370
1 7645
1 3852
2 62
2 78
1 7344
1 4421
1 207
2 42
1 4729
2 47
1 3179
2 27
2 92
2 59
1 9440
2 79
1 4485
1 946
1 5804
1 637
1 4833
1 448
1 2069
1 2271
1 5108
1 1556
2 93
1 4462
1 1983
2 72
1 2345
1 4861
1 5972
2 66
2 9
1 7630
2 50
1 7137
1 9078
2 66
2 91
2 88
2 88
1 9833
2 63
2 86
1 1310
1 4589
2 56
1 5412
2 48
1 2300
2 11
1 3428
2 15
1 737
1 8241
2 19
2 55
1 658
1 1554
1 3319
2 91
2 64
1 5506
1 1318
1 1305
1 6701
1 2111
2 53
1 186
1 7055
1 4683
1 4589
2 70
1 4853
1 880
2 42
1 8784
1 1114
2 53
1 1042
1 5107
1 1761
1 4225
1 7231
1 2210
2 18
2 96
1 3483
1 8082
1 8053
1 9213
2 53
2 56
1 8641
1 1564
2 76
2 1
1 242
1 5545
2 78
1 4463
2 10
1 8906
1 3491
2 91
1 8656
2 1
1 2738
1 3102
1 6848
1 3766
1 4042
1 2942
1 959
1 4461
1 2596
1 1206
1 9356
1 4435
1 3454
1 744
1 4702
2 24
1 9451
1 5171
1 2904
2 34
1 5539
1 7582
2 12
1 7986
2 73
2 38
1 5657
1 5875
1 8215
1 3925
1 3877
1 6709
1 4595
1 2331
1 3522
2 44
1 4956
2 82
1 424
1 6448
1 1794
1 772
1 4872
1 9267
1 9619
2 87
2 22
1 9528
2 63
1 4350
1 4031
1 1642
1 7177
1 1568
1 2508
1 1698
1 987
1 8107
1 5469
1 8003
1 3271
2 12
1 1186
2 23
1 9027
1 122
1 8226
1 8399
2 80
2 93
1 688
1 1187
1 6230
1 239
1 9372
1 9492
1 1306
1 4522
2 79
2 63
2 99
2 63
1 4626
1 9958
1 7458
1 3181
1 9428
1 6174
2 0
2 0
2 46
2 47
2 3
2 11
1 2507
1 7964
1 4055
2 70
1 1842
1 7683
1 5368
2 74
1 7937
1 3159
2 63
1 42
1 2775
1 9710
1 386
2 40
1 8417
1 1728
1 9117
2 38
2 84
1 259
1 5109
1 1335
1 4030
2 37
1 7716
1 7813
1 4874
1 6306
1 8394
2 45
1 8817
1 8339
2 13
1 8893
2 64
1 5
1 5913
1 7302
1 2187
1 361
1 1101
1 6748
1 2050
2 39
2 98
1 6311
1 4680
1 2912
1 9552
2 22
1 3661
1 250
1 6252
1 5871
1 8557
2 10
1 7111
1 8337
2 35
1 8661
2 70
1 8342
1 2326
1 4139
2 57
2 42
1 4902
2 17
1 8380
1 5946
1 160
1 9300
1 1142
1 5488
1 2619
1 4412
2 18
2 14
1 360
1 2382
1 1929
1 1902
1 3786
2 43
1 7534
1 1809
2 36
1 7669
2 14
1 2173
1 3658
1 3764
1 9339
2 59
1 3503
2 21
2 13
2 49
1 4037
1 3633
1 2292
2 56
1 9255
1 3400
1 9147
1 4777
2 21
1 992
1 6457
1 3902
1 5347
2 17
1 2861
1 4492
1 2368
2 48
2 62
1 3287
1 2780
1 2586
2 86
1 7436
1 8609
2 49
1 1759
2 50
1 7660
2 64
1 9835
2 1
1 8158
1 3215
2 80
1 2661
2 95
2 55
2 89
1 1631
2 77
2 26
1 8187
1 2934
1 7140
2 90
1 9451
2 18
2 4
1 8392
1 7953
1 5802
2 26
2 83
2 5
1 5538
1 2944
2 4
1 8545
2 60
2 55
1 5365
2 6
2 26
1 8697
1 6083
1 8403
1 6850
2 58
1 9021
1 5191
1 7495
2 54
2 83
1 7757
1 8726
2 94
1 4650
1 7690
1 7622
1 958
2 93
2 82
2 67
1 7797
2 33
1 3053
2 38
1 1558
1 1533
2 65
1 8970
1 4350
2 88
2 35
1 4780
1 2831
2 38
1 6763
1 8019
1 5512
2 2
1 4969
1 9762
1 2587
1 2196
1 1554
1 4129
1 1138
1 4296
2 20
1 5608
1 9600
1 8718
1 2878
2 36
2 8
2 33
1 4317
1 8685
1 7069
1 8707
1 8399
1 879
2 21
1 607
1 6956
2 54
1 2074
1 1976
1 7219
2 60
1 5839
1 212
1 5128
1 9765
1 6130
2 71
1 7661
2 4
1 2283
2 66
2 99
2 48
1 2551
1 6026
1 8784
1 530
2 77
1 7484
1 5991
1 7809
1 2074
1 3002
1 5737
1 5866
1 3501
1 3611
2 9
2 81
1 1643
1 2322
1 2617
1 4107
2 62
1 6008
2 51
1 762
2 51
1 3354
1 6240
2 52
1 4446
2 95
2 0
2 15
1 8250
2 48
1 9467
2 76
1 6865
1 4406
1 7441
1 9325
1 7988
1 9831
1 8251
1 3969
2 3
1 791
1 3916
2 83
1 8995
2 93
1 8473
2 5
1 6977
2 73
2 28
2 33
2 21
1 1425
1 4635
2 94
2 16
1 1653
1 5281
1 4039
1 9591
1 9091
1 3130
2 97
2 73
1 4526
1 6577
1 7415
1 7433
1 5389
1 6939
1 3370
1 7694
2 67
1 1414
1 3604
2 69
1 5421
2 50
2 1
2 86
1 8999
2 52
1 3938
1 7958
1 7502
1 6825
1 6146
2 22
2 38
1 77
2 10
2 64
2 34
1 1616
1 349
2 10
1 1905
1 8466
1 1751
1 7875
1 4026
1 2830
2 19
1 3088
1 1443
1 9576
2 28
1 8901
2 39
1 6289
1 3518
2 63
1 6332
1 7620
2 76
1 6392
2 29
1 4543
1 7004
2 69
2 35
1 908
2 53
1 9062
1 3032
2 63
1 5366
1 8326
1 3958
2 88
1 498
2 59
1 804
1 4576
1 847
1 6255
1 7108
1 736
2 96
1 4415
1 7854
1 5612
1 6210
1 1270
1 8941
2 44
1 1689
1 9189
2 73
1 6653
1 4347
2 88
1 6423
1 6572
1 2092
1 5162
1 4454
1 9519
2 37
1 7184
1 7249
1 8501
2 84
1 7783
1 512
2 66
1 3696
1 9019
2 77
1 8924
1 2930
1 6143
2 75
1 752
1 2803
1 396
1 2296
2 16
1 9292
2 91
2 66
2 73
1 322
1 3137
1 1977
1 4271
1 2500
1 4996
1 8780
2 14
2 0
2 43
1 7046
2 94
1 8216
1 8846
1 3492
1 7851
2 89
1 8241
1 5753
1 2190
1 5630
2 46
1 9287
1 8697
1 4221
1 1660
2 17
1 310
1 2424
2 75
2 80
1 6083
2 27
1 4309
1 3188
1 3080
1 38
2 59
1 176
2 86
1 371
2 83
1 457
1 8491
2 5
2 15
1 7753
1 1996
1 8263
2 16
2 91
1 9326
2 88
1 8520
1 2592
2 97
1 6538
2 14
2 31
1 2582
2 23
1 5027
2 43
2 32
2 33
2 31
2 59
2 80
1 4082
1 196
1 6428
2 96
1 4443
1 2667
2 37
1 370
2 20
1 8875
1 2420
1 1756
2 33
2 9
1 7374
1 6929
1 8228
1 8131
1 3435
2 66
1 1577
1 8190
2 9
1 4132
1 310
1 5751
2 14
1 7536
2 24
2 69
2 1
1 7591
2 73
1 5738
2 61
2 14
1 8116
1 9465
1 868
1 4753
1 2956
1 6614
1 715
2 83
1 8976
1 5611
1 2008
1 3855
1 5277
2 65
2 20
1 5601
1 306
1 5542
1 1367
2 23
2 35
1 1477
1 9469
1 3694
2 79
1 3924
2 88
2 57
1 3725
1 1964
2 30
2 22
1 8984
1 4495
2 7
1 1027
1 8520
1 4831
2 50
1 2788
1 4183
1 9370
1 4491
1 3532
2 64
2 3
1 3063
1 9154
2 29
2 87
1 3202
2 7
2 49
1 6065
2 4
1 9468
2 19
1 3989
1 2992
1 7329
1 9370
1 5291
2 28
1 3537
1 799
1 2280
1 4771
2 84
2 12
2 61
2 60
1 8929
2 71
2 70
1 3143
1 2347
2 83
1 4003
1 4788
2 97
1 6181
2 59
1 4112
1 7063
1 1567
2 33
1 5246
1 8289
1 1514
1 5327
1 6130
1 9875
1 1666
1 8480
1 7771
2 20
1 9403
2 12
1 5056
2 88
1 7917
2 69
1 758
1 1953
1 3307
1 9633
2 13
1 3017
1 6092
2 94
1 2475
2 68
1 2157
1 1745
2 91
1 6541
2 54
2 65
1 1424
2 11
2 21
1 6872
1 3038
1 2806
1 4091
1 2050
2 64
2 11
1 9755
1 8484
1 6189
1 5979
1 1216
1 4215
1 7455
2 0
2 25
1 5811
2 58
1 3810
1 3556
1 9257
2 74
1 1235
1 6003
1 6149
1 7450
1 3840
1 7397
1 4011
1 9815
1 7184
2 0
1 727
2 43
1 5974
2 31
1 4190
2 83
1 7828
1 4201
1 2888
1 8810
1 3022
1 1136
1 3764
1 177
1 6055
2 66
2 62
2 76
2 88
1 168
1 1361
1 7509
1 5557
2 95
1 6066
1 7878
2 72
1 8825
1 2669
2 46
1 5625
2 55
1 2269
1 469
1 304
1 3190
2 18
1 7207
1 8762
2 22
1 7760
2 2
2 54
2 87
1 800
2 68
2 10
1 4662
1 8235
1 7106
1 2120
1 6557
1 3700
1 7732
1 3195
2 36
1 6375
1 5013
2 20
2 63
1 3446
1 5638
1 4554
2 4
1 5431
2 76
1 579
1 4227
1 707
1 3094
2 46
2 39
1 9703
2 55
1 5356
2 9
1 4010
2 59
1 6914
1 1353
1 380
1 8954
1 5978
1 5238
1 7845
1 9644
2 77
2 61
1 8837
1 5591
1 6149
1 5700
1 9532
1 8723
2 81
2 14
2 18
2 58
1 6336
2 71
1 2095
2 93
1 6737
1 48
2 98
2 24
1 4909
2 24
2 62
1 3593
1 319
2 55
1 8245
2 26
1 8777
2 51
2 93
1 7092
1 2612
2 43
1 9131
1 1070
1 7715
2 11
1 7423
1 957
1 6221
1 2582
1 4222
1 1752
1 4089
2 38
1 4018
1 2227
1 4455
1 1749
1 6134
2 66
1 2704
2 4
1 2649
1 4223
1 639
2 23
2 47
1 4213
1 7364
1 4956
1 1752
1 717
2 64
2 88
1 5286
2 91
1 3403
1 4471
1 3778
1 3978
1 4555
1 9279
1 6868
1 799
1 4282
2 83
1 9291
1 8594
2 42
2 10
2 93
1 3837
1 2604
2 14
2 60
1 800
1 8191
1 6246
1 6276
1 1996
1 9153
1 2945
2 20
2 5
1 1688
2 21
1 4619
1 6456
1 6958
2 36
2 61
2 99
1 3541
2 20
2 96
1 6728
1 737
2 35
1 7565
2 54
1 8505
1 6624
2 61
2 3
1 3731
2 24
1 1063
1 510
1 5058
1 775
1 9358
2 34
2 35
1 5593
2 75
1 6699
1 1224
1 5518
1 9109
2 32
1 2523
1 9041
1 4551
1 896
1 1191
1 4294
1 1878
2 69
2 11
1 2853
1 6296
1 3789
1 1933
1 7618
1 7877
1 6586
1 2916
2 66
2 78
1 3428
1 8315
1 5975
1 1834
2 83
1 1914
1 734
1 3415
1 8435
2 1
2 90
2 68
1 4813
1 4011
1 3631
1 8149
1 7320
2 11
1 9361
2 26
1 5012
1 5177
1 5449
1 6621
1 6645
2 99
1 1216
2 41
1 9349
2 65
1 6381
1 6391
2 39
1 9701
2 68
2 72
1 9559
1 310
2 37
1 5244
1 87
1 8849
1 4718
2 63
2 38
1 3399
2 40
1 2951
1 3669
2 75
1 7677
2 50
2 37
1 4949
1 8673
1 4218
2 17
1 9120
1 5096
2 68
1 4839
2 18
2 64
1 9589
1 114
1 3297
1 4774
2 13
2 1
2 22
1 2876
2 2
1 8627
2 74
1 1236
1 5336
1 7236
1 7687
1 4604
1 73
1 7166
2 88
1 4451
1 6766
1 9278
2 60
2 82
1 3111
1 8399
1 3316
1 1132
1 8414
1 8499
1 8365
1 9730
1 526
2 8
1 8837
2 23
1 2589
1 1008
1 123
2 76
1 5215
1 6451
1 8415
1 9888
1 8656
1 9282
1 4194
1 8165
1 5909
2 4
1 7051
1 6701
1 768
2 46
2 60
2 68
1 1103
1 2486
2 72
1 2699
1 3465
1 9246
1 994
1 2381
1 9145
2 43
2 19
2 21
1 1468
1 6358
2 55
1 1459
2 64
2 24
1 2672
1 5907
1 3515
2 1
1 8916
2 77
1 8078
2 6
1 9524
1 9189
2 96
2 12
1 8735
2 44
1 2958
1 1590
2 48
1 8121
1 2650
2 55
2 35
1 2331
1 8145
1 8010
2 57
1 1365
1 9100
1 9574
2 52
2 57
1 3683
1 168
2 48
2 95
1 9264
2 17
2 11
1 707
1 7022
1 3315
1 5917
1 7193
1 7247
2 92
1 7155
2 33
1 8632
1 2056
1 878
1 3645
2 94
2 92
1 5827
1 9889
1 8689
2 83
1 7886
1 2328
1 8630
1 6664
2 91
1 2977
2 62
2 76
1 5709
1 3637
1 3022
2 21
1 9226
2 80
1 1548
1 5226
2 45
1 7271
2 17
1 5351
2 66
2 51
2 60
1 6426
1 404
1 3281
1 9317
1 8628
1 78
2 28
1 2104
1 7412
1 8296
1 6252
2 76
1 3770
1 6284
1 7274
2 80
1 6829
1 116
1 8229
2 81
1 4329
1 9888
2 62
1 1530
1 5031
1 7405
2 26
2 92
1 9423
1 1659
2 69
2 31
1 859
1 6575
1 5357
2 59
1 9401
1 9531
1 530
1 5673
1 3591
2 31
1 8159
2 53
2 6
1 6984
1 9373
2 77
1 6009
1 5673
2 54
1 3757
1 6508
1 468
2 7
1 8953
2 19
2 95
2 72
1 4018
1 4532
2 19
1 7441
1 6842
2 2
1 7521
2 68
1 6832
2 9
1 385
2 61
1 4967
1 7841
1 4506
2 57
1 9445
1 5879
1 6885
2 36
1 9474
2 25
1 5953
1 977
1 9130
1 2789
1 2570
1 5205
1 9709
1 8417
1 884
1 9091
1 7140
1 740
1 7346
1 4105
2 10
1 168
2 24
1 2498
1 5745
1 7481
1 6927
2 22
1 4788
1 7203
2 74
1 5057
2 39
2 86
2 65
2 44
1 5811
1 983
1 8507
1 2613
1 5122
1 8920
1 5484
1 5037
1 4453
2 22
2 12
2 29
1 3151
2 92
1 7038
1 3693
2 74
1 3849
2 45
2 28
1 2909
2 43
1 5643
1 5018
1 4366
1 4741
1 1021
1 9868
2 19
1 6595
2 55
1 8182
1 7668
2 52
1 1198
1 867
2 26
1 5206
1 1027
2 47
1 3891
2 37
1 3487
2 17
1 5371
2 7
2 13
1 181
1 3678
1 279
1 6239
1 5336
2 27
1 7161
1 7119
1 1877
1 4069
2 86
2 18
2 56
1 1504
1 4465
1 1743
2 9
1 6411
1 6650
1 8759
1 1529
1 5233
2 79
1 9639
1 2418
1 8156
1 3968
2 41
1 9943
1 2458
1 4901
1 1759
1 2327
1 9846
1 3524
1 19
1 6468
2 64
1 6660
2 6
1 2501
1 6476
2 79
1 8830
1 2663
1 4967
1 8194
1 6151
1 7600
1 2202
1 4602
1 2531
1 178
1 8236
1 1420
1 5917
1 470
1 6743
1 5740
1 8940
2 95
2 23
2 33
2 9
1 820
2 84
1 8112
2 91
1 9927
1 1481
1 9060
1 7973
1 2496
2 6
1 2993
2 29
2 61
1 3023
2 64
1 3149
2 98
1 5435
1 2512
2 26
1 4768
1 2843
1 4238
1 9710
1 8236
1 1323
1 6234
1 6493
1 5979
2 82
1 9877
1 6128
1 9327
1 4140
1 8898
1 631
1 3634
2 74
2 6
1 959
1 3884
1 2812
2 29
1 8872
1 5173
1 4100
1 1246
2 75
1 4495
1 8766
1 7522
1 7060
2 92
2 53
1 4466
1 1449
1 1326
1 1172
1 6270
1 2260
1 3528
1 5550
1 2940
1 8053
1 1104
2 71
1 2568
1 6136
2 78
2 43
1 6914
2 33
2 91
2 52
1 941
2 58
1 192
1 1948
2 45
1 3271
2 31
2 69
2 73
1 3885
2 36
2 2
2 67
1 5181
2 45
1 3996
2 5
1 2657
2 13
2 2
1 959
2 5
1 6687
1 6224
2 33
2 20
1 4710
1 7596
1 2307
1 72
2 22
1 5037
1 3964
1 9948
1 8652
2 75
1 6445
1 94
1 1975
2 99
1 6429
2 86
1 620
2 53
2 17
1 6129
2 58
1 3150
2 88
1 5083
1 9659
1 3476
1 3415
1 1940
2 62
1 3403
1 3819
2 28
1 4687
1 3718
2 99
2 67
1 7367
2 18
1 9363
1 6446
2 22
2 14
2 61
2 37
1 1632
2 78
1 5609
1 6242
1 5218
1 3081
2 25
1 3590
1 6110
1 8812
1 5113
2 8
1 7884
1 5776
1 8449
2 28
2 94
2 18
1 4073
1 5353
2 7
2 71
2 9
2 95
1 2541
2 52
1 9957
1 1391
1 1148
1 8275
1 9429
1 9679
1 893
2 2
1 2394
2 42
2 67
2 64
1 4833
2 12
1 723
1 7732
1 8943
2 12
1 2643
1 2394
1 9706
1 3654
1 6341
1 5565
1 5930
1 1921
1 3924
1 3169
1 7138
1 8835
1 7198
2 12
1 2043
1 5290
2 10
2 94
2 61
2 76
1 7057
1 1187
2 57
1 8398
2 42
2 11
1 2292
1 5575
2 29
1 4689
2 83
1 5998
1 4015
2 64
1 4932
1 8927
2 37
1 7681
1 5927
1 8280
2 3
1 7863
1 2141
1 1190
1 9315
1 6368
2 22
1 3390
1 4180
1 2701
1 3998
2 74
2 44
2 63
1 3917
1 6876
2 4
2 96
1 882
1 303
1 3036
2 42
1 1741
1 4175
2 38
1 7737
1 1209
1 8254
1 6677
2 23
1 5540
2 75
1 352
1 7540
1 691
1 4136
1 867
1 5325
1 8654
2 12
2 90
2 66
1 514
1 2299
1 2154
1 491
1 3942
1 6340
1 7944
1 4585
1 8075
1 8714
1 9773
1 4255
1 6243
2 72
1 4460
1 1965
1 1426
1 4871
2 89
1 1275
2 97
1 6240
2 78
1 2703
1 5898
1 1217
1 8160
2 68
2 73
1 6078
1 4246
1 9452
1 8660
2 92
1 6037
2 32
1 847
1 6229
1 266
1 7320
2 30
2 45
1 6713
1 8320
1 5381
1 8504
1 5147
2 16
1 8632
2 77
1 489
1 6831
1 409
2 27
2 46
1 9543
1 4944
1 1668
2 54
1 2036
2 70
1 3136
2 84
2 23
2 83
2 81
1 1133
1 2926
2 43
1 4921
2 20
2 31
1 4898
1 5020
1 1201
2 38
2 39
1 531
2 44
1 2277
2 94
1 4444
1 1760
1 4825
2 30
2 52
1 6914
1 4811
2 96
1 8485
1 3239
1 5496
1 5632
1 2336
1 1661
1 5648
2 13
1 4391
1 3815
2 93
1 1667
1 4647
1 5690
1 6746
1 5642
1 8896
1 251
1 8773
1 3124
2 86
2 20
2 22
2 7
1 6618
1 8558
1 4136
1 3177
1 5160
1 4594
1 6912
2 98
1 5469
1 6552
2 86
1 1703
2 71
2 80
1 3595
1 8754
2 97
1 2489
1 7539
1 9018
1 885
2 73
1 200
2 99
2 99
2 62
1 8891
1 2341
1 4449
1 8175
1 5537
1 4610
2 42
2 18
1 9117
1 7184
2 8
1 504
1 4350
1 3073
2 96
1 5634
1 3656
2 73
2 47
1 2502
2 87
2 18
1 4211
1 7513
2 9
1 2386
2 18
1 9240
1 6056
1 6897
1 8002
1 7002
1 6858
1 6116
1 2538
2 18
2 57
1 702
1 6482
1 2325
2 92
1 5657
1 306
1 7406
2 99
1 8446
2 95
1 9576
1 2482
1 4310
1 7015
1 6343
1 8851
1 1743
2 52
1 2801
1 1485
1 2039
1 2412
2 81
1 6452
1 244
2 84
1 5090
1 4570
2 22
2 18
2 6
1 1996
2 60
1 9200
1 4488
1 6367
1 2476
1 8676
1 7458
2 99
2 38
1 228
2 19
1 8313
1 2735
1 5478
1 898
2 85
2 74
2 85
1 4787
2 11
1 5
2 5
1 1314
1 1519
2 52
2 40
1 9249
1 4020
1 8894
1 1755
1 3325
2 94
2 44
1 5392
2 55
1 9162
1 2734
1 5703
1 6644
1 5537
1 1673
1 1707
2 46
2 92
2 52
2 60
2 40
1 5666
2 61
1 330
1 3959
1 9913
2 56
2 70
1 9191
2 68
1 8569
1 4491
1 603
2 31
1 1116
2 70
2 10
1 9924
2 1
1 1521
1 6098
1 7165
1 7051
1 302
1 3242
1 9810
1 1994
1 7736
1 4403
1 4778
2 27
1 7012
1 965
1 3568
2 35
1 1597
2 28
1 7694
2 93
2 52
1 1467
1 7130
1 2041
1 2410
1 8425
2 83
1 5403
1 7569
2 22
2 1
2 89
2 18
2 32
1 4440
1 3844
1 1600
1 7405
2 51
1 6300
1 2244
2 10
1 8574
1 5890
2 19
1 9986
1 6669
2 65
2 70
1 7965
1 8845
2 38
2 71
1 1880
2 70
1 2487
2 56
1 6249
1 2747
1 6681
2 93
1 9456
1 1937
2 44
1 5915
1 3238
1 4267
2 15
1 1123
1 2692
2 79
1 256
1 5096
1 4120
2 77
2 51
1 3820
2 30
1 7062
2 47
2 63
1 4090
2 78
1 1088
1 1793
1 9884
1 8961
1 9700
1 5702
2 46
1 7325
1 459
2 8
1 6902
1 7454
2 72
1 8741
1 7178
1 9645
1 8250
1 2048
1 7555
1 978
1 7770
2 37
1 6437
2 85
1 8603
1 3135
1 3562
1 9885
1 7125
2 47
1 1560
2 89
1 5842
1 4296
1 4683
1 7005
2 83
1 4828
2 45
1 7994
1 9048
2 50
1 8071
1 6078
1 6273
1 5852
1 1593
2 39
2 20
1 3537
1 6271
2 92
1 4032
2 56
1 123
1 8180
1 7504
1 4487
1 884
1 7124
1 4107
1 1342
1 4103
1 5840
1 6335
2 29
1 6271
1 3538
1 8980
2 16
2 55
1 980
1 5758
1 5022
2 50
1 6503
1 1475
1 7600
2 58
2 81
2 91
2 11
1 6029
1 4800
1 286
2 4
1 8957
1 5323
1 9617
1 4061
1 5196
1 253
1 4762
1 8602
1 3997
2 92
1 548
2 76
1 1478
1 7939
1 5252
1 345
1 2555
1 5277
1 8717
1 9582
1 6255
2 69
2 3
2 80
2 49
1 259
2 40
1 8455
2 67
2 99
2 75
2 89
1 2314
1 4936
1 6221
2 12
2 70
2 61
1 6480
1 894
1 4164
1 3335
2 54
1 6351
1 4536
2 32
2 29
2 84
1 5344
1 8996
1 610
1 6746
2 12
1 7820
1 9864
2 55
1 6219
2 85
2 33
1 2864
1 3904
1 9928
1 885
2 48
1 4472
2 41
1 3160
1 9101
1 6542
1 4810
1 8339
1 436
1 1894
1 5260
1 2939
2 94
1 548
1 6398
1 499
1 4016
1 7728
1 6406
1 5410
1 1634
2 51
1 4712
2 94
1 735
2 31
2 29
1 471
2 93
1 8226
2 88
2 32
2 0
2 73
1 4606
1 8314
2 74
2 53
1 3272
1 6321
1 6246
2 63
1 1989
1 8032
1 4197
1 9737
1 4984
1 8529
1 3093
2 78
2 13
1 292
2 96
2 35
1 6903
2 32
2 57
1 5074
1 9117
1 1735
1 9366
1 9022
1 7199
2 20
1 9771
1 7991
2 24
2 61
1 6668
1 1264
2 59
1 9426
1 3141
2 57
2 76
1 1925
2 89
1 4028
2 48
1 6435
1 2396
2 57
1 5414
2 32
1 7948
1 8358
1 8040
1 1902
1 2285
1 9792
1 5111
1 9570
1 9016
2 29
2 60
1 4840
2 64
1 9646
1 8786
1 6668
1 59
1 3323
1 9163
1 5633
2 28
1 7693
2 34
2 83
2 72
1 2731
1 3328
1 4445
1 4476
2 80
1 9664
1 9053
1 2429
1 527
1 3953
2 93
2 42
1 1147
1 701
2 66
1 3521
2 75
1 9656
1 6645
2 87
1 6451
2 84
1 879
1 4232
1 8804
1 270
1 5004
2 16
1 8699
1 8386
2 29
2 37
2 51
1 5197
1 279
1 5486
2 87
2 49
1 1128
1 3776
1 7358
2 8
1 4960
1 7570
1 3865
1 8064
1 4216
1 27
1 7996
1 3785
1 1912
1 7711
2 95
1 3070
1 8174
2 33
2 72
1 6951
1 5666
1 8569
1 6829
1 2704
1 4835
1 6724
2 43
1 3811
1 6132
1 3273
2 68
1 2692
2 95
2 32
2 28
1 8994
1 1112
1 4389
1 548
1 5339
2 61
2 9
1 5276
1 3059
2 89
2 70
1 9027
1 3589
1 8475
1 1710
1 3468
2 61
1 972
1 5226
1 4007
1 9608
1 5333
1 7023
2 43
1 8370
1 2766
1 1809
2 79
1 3067
1 8628
1 4072
1 8187
1 9381
1 7159
1 3384
1 7876
2 13
1 6224
1 171
1 8456
1 161
1 3049
2 20
1 3721
2 37
1 2621
1 797
2 44
2 99
1 7489
1 2731
2 26
2 49
1 8809
1 2164
2 26
2 11
1 7000
2 67
1 1107
2 94
1 974
1 4537
2 31
1 3296
2 5
2 59
1 6461
1 4885
1 8688
2 52
1 2080
1 7129
1 2400
1 6154
2 33
2 72
1 2148
2 60
1 2631
2 21
1 5400
2 28
2 17
2 98
1 7444
1 4518
2 78
2 49
1 8206
1 3768
1 3039
1 2276
1 9130
1 6791
2 77
2 76
2 98
1 4046
1 859
2 47
1 5311
2 41
2 72
1 9784
1 6600
1 9727
1 7260
2 75
1 6710
1 857
1 6012
1 269
1 1685
1 3793
1 4550
1 7199
1 4103
2 30
2 32
1 9491
1 9072
1 8516
1 7574
2 90
1 6722
2 14
1 4801
1 4942
1 2363
2 53
1 3600
1 6774
1 3017
2 17
1 5327
1 8762
2 4
2 70
2 96
2 50
1 2445
1 5486
1 4495
2 0
1 1867
1 123
1 7106
2 58
2 94
2 27
1 8865
1 1838
2 51
1 6413
1 1435
1 7536
1 4235
2 74
1 6155
1 1941
1 5737
1 6194
2 89
1 9319
1 6046
1 5809
1 9860
1 6939
1 2923
1 6103
1 1140
1 8239
1 9367
1 4106
2 96
2 98
1 4465
1 922
1 4513
1 4502
2 86
1 8174
1 4311
1 6157
1 4818
1 1593
2 86
1 7685
1 8256
1 9846
1 544
2 59
2 85
2 47
1 9838
2 99
1 5954
1 9654
2 96
1 7500
1 775
2 30
2 16
2 73
2 52
2 41
2 32
1 7171
1 9699
1 1237
2 76
2 7
2 20
1 173
1 8875
2 51
1 9470
1 5382
1 1686
1 7337
1 2635
2 54
2 79
2 4
2 73
1 9863
1 5608
1 1163
1 7281
2 83
1 1714
1 4863
1 4403
1 8636
2 56
1 5746
1 3794
2 69
1 6554
2 83
2 18
1 1462
1 5178
2 41
2 66
1 1320
1 2339
1 5916
1 2781
1 9184
2 68
1 9487
1 2496
1 1445
1 6559
1 9258
2 80
1 2166
1 6050
2 20
1 5159
1 3800
1 2294
1 6944
2 69
1 6243
1 3764
1 7229
2 85
1 1662
1 8513
1 9816
2 43
2 62
1 993
2 58
1 4431
2 63
1 5683
1 4504
1 2131
1 2861
1 2830
1 4859
2 51
1 9138
1 146
2 65
2 36
1 7590
1 3850
2 71
1 9372
1 7710
2 31
1 417
1 5665
1 3872
1 6073
1 6200
1 1606
1 1173
1 6996
2 25
1 3294
2 52
1 9944
1 8129
1 2249
2 34
2 44
1 3368
1 9828
1 4918
1 2324
1 7092
1 9161
1 5683
1 8734
1 6794
2 48
1 9172
1 7174
1 3134
1 9492
2 38
1 6760
2 66
1 7183
1 2489
1 5413
1 3438
1 6904
1 3437
1 104
2 76
2 13
2 87
2 68
2 6
2 84
2 92
1 8116
1 8136
1 257
1 4807
1 2911
1 2950
2 0
1 1806
1 9322
1 4154
1 9016
1 5552
1 4767
1 4903
1 731
1 4751
1 6509
2 4
1 6216
1 8789
1 6256
1 1647
1 7182
1 9207
1 9278
2 98
2 62
2 5
1 7993
1 6929
1 9605
1 275
1 7271
2 92
1 2431
2 53
1 8818
1 1367
2 67
1 5209
1 288
1 698
1 6879
2 2
1 6618
1 2652
1 5230
2 50
2 37
2 23
1 1353
1 1172
2 9
1 8876
1 9465
1 154
1 5530
1 9000
1 2059
1 6338
2 64
1 3956
2 19
1 550
1 5977
2 44
1 6903
1 206
2 8
2 56
1 9520
1 2793
1 2992
2 1
1 3767
2 64
1 1844
1 4636
1 5739
1 2085
1 4430
1 1752
1 4872
2 92
1 3745
1 8782
1 3340
1 1019
1 6074
1 7736
1 388
1 6428
1 910
1 2346
1 2604
1 1070
2 36
1 4719
1 7485
2 69
1 1486
2 71
1 3704
1 7512
2 21
1 5972
2 57
1 1076
2 98
1 6033
1 4205
1 5807
1 2630
1 2780
2 8
1 4049
1 5551
2 34
1 5818
1 1738
1 8942
2 67
1 2814
2 40
2 12
1 7757
1 9936
1 9704
1 443
2 53
1 8611
1 9907
1 3386
2 61
1 7079
1 9830
2 82
1 3437
1 793
1 6424
2 3
1 6586
2 40
1 5571
1 5128
1 5798
2 94
1 4254
1 1794
1 1092
1 940
1 1247
2 2
2 30
1 4921
2 57
1 9965
1 8292
2 50
2 86
2 38
1 229
1 9166
2 88
1 3915
2 61
1 7227
1 6773
2 48
1 4821
1 5563
2 77
1 5672
1 9592
2 25
1 3524
2 16
1 2498
2 9
2 17
1 4014
1 6064
2 81
2 50
2 26
1 9028
2 31
1 61
2 54
1 5878
2 69
1 7264
1 5860
1 5745
1 177
1 8011
2 82
2 17
1 3265
1 5605
1 3046
2 67
1 4101
2 14
2 91
1 4036
2 93
2 10
2 37
1 2059
2 6
2 81
2 4
1 7876
2 31
2 23
1 819
2 87
2 23
1 867
1 122
1 3933
1 8908
1 4776
1 1704
1 2972
2 96
1 254
2 37
1 6576
2 79
2 93
1 4398
1 6407
2 8
2 81
1 4882
2 68
1 7067
1 2818
1 1185
1 174
1 3249
1 9960
1 4910
1 6515
1 1815
2 43
1 6592
2 92
2 7
1 4817
2 59
1 2124
1 6035
2 8
1 7084
1 719
1 7773
1 18
2 35
1 1908
2 87
1 4300
2 97
1 5494
1 7369
1 5173
1 4702
1 8989
1 8591
1 4309
1 801
2 23
1 2060
1 7609
2 52
1 3714
2 84
1 5669
1 4283
2 77
1 7827
2 12
1 6598
1 9618
1 94
1 865
1 1660
2 21
1 1957
1 2051
1 2004
2 75
2 64
1 1430
1 753
2 87
2 85
1 3814
1 6706
1 295
1 64
1 400
2 70
1 1796
2 87
1 8974
1 5965
1 7559
1 6132
2 95
1 898
1 8170
2 47
1 4510
2 17
1 4617
2 86
1 9908
1 3943
2 75
1 8256
1 9716
2 30
2 30
1 5320
2 87
2 72
2 56
1 5258
1 3499
1 7643
1 5211
2 94
1 4777
1 9528
2 24
1 8777
1 8357
1 8481
1 3675
1 6671
2 0
1 9350
1 5985
1 8483
2 79
1 305
1 8790
1 7375
2 32
2 22
2 73
1 508
2 54
2 98
2 27
1 7953
2 68
2 11
2 46
2 13
1 2122
1 8506
1 1427
2 71
1 5489
2 93
1 3085
2 49
1 5207
1 4110
2 40
1 3515
1 2071
1 2675
2 6
2 19
2 56
1 6412
2 90
1 772
1 5695
1 3808
2 63
1 3716
1 6310
1 5905
1 2593
2 38
2 4
1 407
1 6898
1 269
1 5607
2 86
1 6630
2 19
1 5920
1 7457
1 7276
1 174
2 17
2 66
2 82
2 80
2 97
2 97
1 7179
1 1876
1 6723
2 1
1 6332
2 20
1 642
1 7223
2 70
1 7857
1 2532
1 5719
1 7673
1 9387
2 48
1 391
1 5554
1 7534
1 9161
2 83
1 6226
2 4
1 6208
2 11
1 7774
1 996
1 9828
1 7394
2 31
1 1261
1 2293
1 6418
1 6623
1 6477
1 8022
1 7630
1 5179
1 3821
1 8457
1 3666
1 308
1 9242
2 77
1 343
1 9770
1 5259
2 23
2 99
1 5630
1 1072
1 1201
1 605
1 9487
1 6824
2 57
2 68
1 5152
2 88
2 91
1 120
1 3540
1 7297
1 3409
1 1139
2 99
2 53
1 7267
1 235
2 67
1 1050
1 3901
1 4920
2 67
1 8288
1 9393
1 7452
1 6492
1 1489
1 4662
2 16
2 48
1 8466
1 9395
1 5213
1 8464
1 5047
2 68
1 7771
1 128
1 5871
2 71
2 15
1 4424
1 6270
1 1980
1 51
1 1309
1 5280
1 9923
1 9583
2 94
1 753
2 9
1 10
2 72
1 9656
1 1908
2 8
2 68
1 1772
1 7716
1 2023
1 6692
2 60
1 500
1 1355
1 6647
1 9023
1 3336
2 77
1 7619
2 77
2 49
1 2213
1 4764
2 69
2 21
1 1505
2 90
1 1820
1 5955
2 21
2 79
1 6552
1 6587
2 82
1 8027
1 86
2 37
2 74
2 26
1 996
2 61
2 0
2 27
1 984
1 7700
2 77
1 4362
1 3362
1 1244
1 1508
1 447
2 12
1 3894
2 90
1 5785
1 7679
1 5269
2 70
1 8557
2 95
1 7511
1 4648
1 4174
1 9175
2 23
1 3745
2 86
1 3372
1 40
1 5406
2 88
1 4071
1 3469
1 8538
1 1786
1 987
1 7971
1 7522
1 9997
1 267
1 3732
1 1544
2 17
1 7589
2 37
1 3942
1 8784
1 9392
2 18
1 6983
1 8686
2 92
1 9957
1 5155
2 98
1 8677
1 2139
1 2255
2 14
2 19
1 9192
2 68
1 6639
2 29
1 6845
1 8380
2 42
1 2190
1 727
1 504
1 5472
1 429
1 2107
2 41
2 52
1 1502
1 1137
1 5105
2 72
1 8921
1 4308
1 9613
2 76
1 2746
2 82
1 5237
2 51
2 39
2 74
2 71
1 3388
2 97
1 9720
2 86
1 5615
1 7390
2 75
2 48
1 1511
1 3551
1 9876
1 9745
2 71
1 8606
2 9
2 99
2 71
1 1586
1 7249
1 228
1 520
1 1844
1 7326
1 3303
2 69
1 1257
1 4698
1 8181
1 7445
1 9124
1 8940
1 1826
1 5056
2 94
1 5
1 4226
1 9962
1 4979
1 9090
1 8829
1 7840
2 92
2 74
1 7098
2 68
1 2356
1 5252
2 46
1 3946
1 1670
1 6414
1 830
1 1966
1 6369
1 6795
1 3440
1 1637
1 9877
1 2729
2 66
2 31
1 8124
2 32
1 1462
2 32
1 3809
2 53
1 8701
2 31
2 47
1 6622
2 9
2 71
1 7338
1 4138
1 2226
1 9384
1 2137
1 9486
1 2448
1 9435
1 5017
1 7249
1 2161
1 5141
2 30
1 1461
2 0
2 11
1 4918
1 4072
1 8977
1 200
2 87
1 7417
2 50
1 161
1 1667
1 170
1 517
2 34
1 3427
2 39
2 99
2 98
1 6704
1 4677
1 99
2 95
1 7267
1 2754
1 122
2 51
1 6678
2 83
1 3341
2 7
2 93
1 2923
1 6090
2 68
2 30
1 1180
1 9081
1 8384
2 75
1 1403
1 4053
1 2213
2 45
1 7927
1 1360
1 1048
1 9722
1 6386
1 3114
2 49
1 7414
1 5729
2 31
1 5548
1 5251
2 11
1 6214
2 63
1 292
1 5081
2 57
1 8747
1 2805
1 7600
2 10
1 4819
1 5050
1 7660
2 10
2 53
1 6512
2 82
2 62
2 98
1 8036
2 9
1 3794
1 5538
1 7523
1 5222
1 2050
1 3382
1 6941
2 80
2 42
1 6925
1 2606
1 6194
1 2567
1 8184
1 3738
1 4353
1 1514
1 483
2 57
1 7607
1 2098
1 7588
1 2032
1 9699
1 1686
1 6103
1 8175
1 9541
2 10
1 7697
1 3200
2 23
1 4645
1 104
1 1236
1 866
1 5053
1 8726
2 4
2 24
1 1401
1 2750
1 7177
2 30
1 6368
2 30
1 9123
2 6
1 940
1 6851
2 11
1 1863
1 2524
2 59
2 17
1 7755
2 69
2 54
1 9149
1 2382
1 5495
1 1439
1 3559
1 1091
1 5518
1 9381
2 83
1 9233
1 8186
1 6538
1 8
1 5728
2 11
2 74
1 2255
2 58
1 4327
1 8721
1 2036
1 8738
1 6810
1 579
1 5716
2 24
2 13
1 6510
1 9599
1 1069
2 60
2 10
2 73
1 2428
1 6833
1 9606
2 0
2 91
2 91
1 8354
1 5872
1 1490
1 6076
1 1378
2 65
1 2779
1 3664
2 36
1 9758
1 9128
1 3620
1 8164
2 97
1 6816
1 7000
2 65
1 2293
1 9198
1 6029
1 6750
1 5728
1 4337
1 6064
2 31
1 499
2 51
1 7367
2 4
2 5
2 51
2 88
2 95
1 9723
2 85
1 5629
1 1076
1 7502
2 71
1 9794
2 20
1 8888
1 765
2 4
1 2460
1 4854
1 1343
2 93
1 3804
2 58
1 1138
2 75
1 2884
1 331
1 5014
1 2945
2 67
1 668
2 7
2 14
1 8576
1 7221
2 90
1 3468
2 19
1 5158
1 893
2 79
1 550
2 64
1 4783
1 5375
2 75
1 5442
1 3554
2 79
1 5932
1 1105
2 81
1 7797
2 2
1 9430
2 84
1 7667
1 2062
1 7229
1 9902
1 4752
2 49
1 2245
1 9807
1 3387
2 81
2 70
2 54
1 2641
2 5
1 3247
1 2180
1 6936
2 77
2 74
1 9473
1 1510
2 50
1 5729
1 3054
1 3342
1 9960
1 7487
2 79
1 3791
1 4904
1 6435
1 656
1 7678
2 38
1 2419
1 16
1 4185
1 389
2 27
2 17
1 1014
1 2800
2 97
1 4981
1 5562
2 33
1 6969
1 1720
1 8728
2 24
1 5321
2 77
2 2
2 21
1 4317
1 9063
2 19
1 184
1 8966
1 7950
2 14
1 9229
1 1575
1 5724
1 9261
2 5
1 3386
1 6792
1 9162
1 6695
1 9126
2 15
2 39
1 9061
1 3215
1 172
2 46
2 56
1 6702
1 9205
2 59
2 68
1 704
1 9391
2 26
1 6049
1 4549
2 91
1 5613
1 4167
1 7890
2 97
1 92
2 14
1 3265
1 9109
1 3034
1 4938
1 9695
1 9956
2 31
1 6735
2 35
1 8895
1 6726
1 714
1 3753
1 3480
1 8711
1 6991
2 82
1 7561
1 8458
1 1341
2 58
2 95
2 73
1 3024
2 47
1 2757
1 1334
2 88
1 6688
1 1637
1 9922
2 37
2 74
2 57
2 64
2 3
1 4733
1 7731
2 25
1 5612
1 9027
1 1526
2 45
2 81
1 9046
1 2985
2 11
2 98
2 43
2 7
1 5339
1 9574
2 74
2 84
1 4413
1 3608
2 14
1 153
1 1857
2 36
1 799
1 6223
2 33
2 31
2 42
2 48
2 15
1 6052
2 44
2 52
1 1290
1 8673
2 67
1 5185
1 9836
1 5849
1 5432
1 1613
2 8
2 27
1 5125
1 1079
1 4841
1 1984
1 7997
2 45
1 8875
1 4780
1 4744
2 5
2 87
1 4272
1 4831
1 5679
2 70
1 7092
1 2508
1 7864
1 1655
1 3009
1 9826
2 16
1 3467
1 7018
1 2741
2 54
1 3984
2 84
1 2006
1 7160
2 89
1 251
2 51
1 1509
1 4316
2 27
2 47
2 55
2 35
1 9156
2 1
1 4174
1 7124
1 1998
1 6733
2 72
1 9763
1 9841
1 1945
1 8026
1 2221
1 3108
2 43
2 42
1 7574
1 4161
2 8
1 899
2 9
2 34
2 84
1 6068
1 4465
2 57
1 3612
1 5375
2 36
1 1884
2 98
1 5825
2 59
1 4190
1 4674
2 47
1 4338
1 2363
1 1455
1 3620
2 70
1 1386
1 5881
2 91
1 7949
2 75
1 7254
1 4266
1 6024
1 6357
1 3545
1 9026
1 8232
2 69
2 61
2 46
1 6338
2 2
2 91
1 8115
1 6855
2 39
2 16
2 0
1 6682
2 10
1 163
1 814
1 7857
1 4435
1 1099
1 3603
2 15
1 2361
1 2312
1 6831
1 5156
1 5980
1 9018
2 72
1 5123
1 4984
1 8413
2 0
1 6298
2 30
2 62
1 3891
1 3145
1 1141
1 9432
1 976
2 87
2 41
1 5681
1 2540
2 96
1 2443
1 9675
1 7007
1 9651
1 6075
1 2975
2 64
1 8922
1 4282
1 5515
1 5647
1 4919
1 1119
1 1079
2 41
1 1183
1 1434
1 1733
2 31
2 11
2 0
2 19
1 2958
2 39
1 5558
2 52
1 6458
1 964
1 3426
2 75
1 5446
1 6791
1 5982
1 8025
2 62
1 1130
1 6021
2 90
2 2
2 89
2 51
1 3379
1 6951
1 1918
2 27
1 616
1 4629
2 77
1 2283
1 2483
1 7682
1 7524
1 9377
1 1738
1 2271
1 1814
1 7490
1 8143
2 58
1 7522
1 9567
2 95
1 1897
1 1161
1 5786
1 5430
1 9961
2 62
2 58
1 5332
1 4978
2 46
1 2340
1 9614
1 9207
2 95
1 7979
2 93
1 9071
1 6761
2 4
1 7381
1 1497
1 6133
1 7925
1 8218
1 8612
1 8075
2 20
1 8237
2 75
1 6349
1 3230
1 8089
1 8862
1 9862
2 97
1 2489
1 851
1 1318
2 64
2 80
2 14
1 5060
2 1
1 7401
1 1096
2 95
2 21
1 9331
1 5183
1 3036
2 64
1 5230
1 500
2 24
1 8788
1 4697
2 92
1 75
2 30
1 3434
2 75
2 11
1 3306
1 3398
1 9705
2 61
2 83
1 9780
1 4253
1 8457
1 1697
1 5994
2 29
1 3062
1 6250
2 28
1 2174
2 62
1 4518
2 3
1 2423
1 6717
1 503
1 5899
1 7749
2 5
1 7512
1 6752
1 5269
2 90
1 2664
2 17
1 2279
2 66
1 3926
1 3724
2 61
1 7084
1 9643
1 4106
1 3693
1 3190
1 7456
1 4334
2 61
1 597
2 17
1 6316
2 65
2 71
1 2684
1 9567
2 76
1 8176
1 2339
1 1038
1 9594
1 9941
2 5
2 24
1 4059
1 8111
1 1726
1 6100
1 119
2 15
1 442
1 4335
1 4101
1 8091
2 38
1 5177
1 6062
2 68
1 5746
1 9571
1 2404
1 4625
1 4814
1 5147
1 6662
2 40
1 479
1 7902
1 3640
2 73
1 4179
1 935
2 40
1 3178
1 9813
2 22
1 3136
1 9051
1 329
2 28
1 3579
1 6799
1 1751
1 4990
2 33
2 92
1 1264
1 4171
2 70
2 77
2 64
1 5389
1 9633
1 7537
2 49
1 3305
1 3748
1 8980
1 1158
2 35
2 26
1 4839
1 2056
2 19
1 6360
1 5884
1 8779
1 8750
1 2066
2 10
1 3061
2 19
1 7193
1 5014
1 1282
1 5613
2 41
1 4270
1 5815
1 1616
2 86
2 76
1 5125
1 8502
1 5432
1 6952
2 66
2 80
1 2593
1 4919
1 4335
1 4195
1 3690
1 7384
1 7379
1 737
1 2852
1 6076
1 1220
1 7873
2 68
2 14
1 2812
2 1
1 5230
1 1985
1 8258
1 7102
1 998
2 41
1 3487
2 7
1 9674
1 7021
2 77
2 2
2 87
1 4475
2 39
1 3346
1 5950
1 7809
1 7863
1 2509
1 9398
1 7240
2 42
1 1928
1 1101
1 7539
2 65
2 97
2 22
1 3266
1 8818
1 8090
2 82
1 5329
2 71
2 50
1 7210
2 21
1 9273
1 1770
2 57
1 1904
1 9803
1 311
1 2263
1 4596
2 65
2 85
1 1291
1 7347
2 80
1 1368
1 3684
2 94
1 301
2 96
1 3249
1 7372
1 9609
1 1450
1 3965
2 20
1 1437
1 8047
1 798
2 75
1 4114
1 6860
1 5125
1 7107
2 39
1 517
1 4730
2 65
1 1926
1 8916
1 415
2 27
1 7840
2 9
1 2544
1 214
1 3723
1 808
1 9753
1 628
1 1058
1 3533
2 53
1 2831
2 8
1 5909
1 5377
1 9441
2 58
2 45
1 5195
1 1364
1 1849
1 4120
1 2792
1 1621
1 8597
1 2342
2 16
1 4002
1 5977
2 0
1 4923
1 924
2 25
2 17
1 6610
2 93
2 80
2 64
1 926
1 3731
1 5893
1 9861
2 39
1 2630
1 127
1 1283
1 1159
1 8486
2 3
1 4130
2 97
1 1818
2 33
2 13
1 8972
1 3762
1 7501
1 5069
1 190
1 1381
1 3049
1 4423
2 39
1 4255
1 9539
1 7682
2 82
1 9843
2 40
1 2124
2 26
1 4274
1 2213
1 7920
1 3394
2 17
1 1023
1 652
2 54
1 5627
1 5998
2 6
2 28
1 2107
1 8059
2 63
1 2822
2 71
1 6271
1 6496
2 34
1 2462
1 826
1 9395
1 726
2 76
1 4684
1 7297
2 51
1 7092
1 6341
1 278
1 323
1 3255
2 51
1 2612
2 43
1 9405
2 45
2 41
1 6527
1 8344
1 6513
1 1410
1 1398
1 1309
2 18
2 96
2 53
2 51
2 89
2 18
1 5557
1 1250
2 27
1 8069
2 99
2 68
2 84
1 4562
2 31
1 249
1 3812
2 35
1 9070
1 6074
1 5595
1 7731
1 5555
2 39
1 7133
1 3977
1 1141
2 99
2 18
2 57
1 3121
2 63
1 2163
1 6106
1 1380
1 5622
1 6468
2 8
2 50
1 6701
1 9514
1 5650
2 42
2 65
1 2882
1 985
1 921
2 29
2 99
2 70
2 39
1 984
1 2349
2 51
1 9306
1 2266
1 5205
1 2181
1 2605
1 1822
2 0
1 7842
2 28
1 6766
1 2524
1 398
2 27
1 9548
1 9550
2 15
1 9196
1 381
1 4465
1 182
2 40
1 8910
1 7516
2 13
2 2
1 3074
2 46
1 1914
1 1206
2 52
1 8836
1 2317
1 7044
2 51
2 79
2 12
1 28
1 2381
1 9650
1 7877
1 8278
1 8996
1 776
1 3061
1 8725
1 5443
1 1529
1 1945
1 3163
1 9138
2 51
1 9449
1 6967
1 2679
1 8304
2 28
1 4213
1 2212
1 9113
1 9676
2 36
1 8103
2 92
1 2762
2 34
1 6227
1 2322
2 0
1 210
2 86
1 6017
1 1449
2 60
1 1571
2 89
1 5677
1 2720
1 374
1 181
2 7
1 5036
2 49
1 8956
1 5705
1 4142
1 4033
1 8486
2 67
2 54
2 23
2 59
2 33
1 8155
2 69
1 9534
1 1056
1 916
2 46
1 3752
1 1743
1 7359
2 44
2 76
1 6705
1 2162
2 38
1 3426
1 9411
1 3610
2 26
1 337
1 4067
1 2397
1 3830
1 1744
1 395
1 7702
2 13
2 86
1 4773
2 34
1 1591
1 8580
1 1123
1 3703
2 53
1 129
1 7999
1 7159
1 8675
2 37
2 43
2 65
2 94
1 3669
1 8740
1 5616
2 66
2 40
2 63
1 7843
1 839
1 179
1 6850
1 668
1 6242
2 72
1 8584
1 2616
1 5449
1 8658
1 6070
2 35
1 4823
1 6790
2 80
2 56
1 5310
1 4093
1 9504
2 40
2 18
1 9053
1 1563
1 4883
2 6
1 3906
1 4168
1 2127
1 7805
2 65
2 62
2 74
1 4355
2 0
1 9035
1 5958
1 8156
1 7748
2 30
1 9436
1 6172
1 3128
1 3531
1 5685
2 68
1 9909
2 44
1 7399
1 5307
1 8994
2 42
2 16
2 63
1 4875
2 83
2 57
2 40
1 7566
1 485
1 5225
2 18
1 3196
1 8872
1 7757
1 7128
1 4873
1 8056
2 65
1 8560
1 6428
1 5767
2 41
1 1055
1 3662
1 1303
1 7957
2 3
1 2119
1 4454
1 9778
1 9331
1 9358
2 1
1 4465
2 37
2 20
2 30
2 56
1 4206
1 8370
1 4539
1 1358
1 3834
2 68
1 2409
2 62
1 3999
1 5481
1 4223
1 9310
1 840
2 74
1 189
1 742
1 5124
1 2609
1 8145
2 72
1 149
1 2971
1 7142
1 651
1 7478
1 8044
2 24
1 9671
1 7741
2 98
2 93
2 86
1 6095
1 6823
1 1606
2 89
1 4604
1 665
1 3791
1 9240
1 3801
2 93
1 7343
1 2208
2 88
1 9366
2 90
1 8991
1 5682
1 2116
1 6271
1 1747
1 9285
2 26
1 6434
1 699
1 1851
1 9172
1 5370
1 631
1 9827
1 8760
1 4393
1 6781
2 99
2 0
1 6289
1 7063
1 581
1 5004
1 4250
2 99
1 5726
1 4352
2 32
1 1672
2 76
1 8295
2 45
1 8506
1 326
2 69
1 6742
1 8543
2 64
1 7042
2 56
1 9500
1 8827
2 51
2 51
1 1428
1 3585
2 13
2 75
2 16
1 1086
1 798
1 9029
1 1504
2 55
1 8872
1 1895
1 5226
1 4928
1 9113
1 3507
2 56
1 6616
1 4270
2 95
1 8301
1 4521
1 4770
1 1144
2 17
2 75
2 42
1 1676
1 2847
2 62
1 3071
1 2501
1 9519
1 2106
1 9588
1 6041
1 8551
2 33
1 6817
2 22
1 1222
1 1850
2 19
1 7717
1 131
1 3106
2 27
2 83
2 74
1 2372
1 8384
1 1259
1 5327
2 29
2 54
1 3395
2 77
1 4870
1 8772
1 7233
1 5576
1 4811
2 86
1 6869
1 3551
1 5800
1 4006
2 15
1 4364
2 41
2 24
1 2815
1 2823
1 9076
2 29
1 3204
1 9353
1 6840
1 7495
1 6787
1 9303
1 5685
1 8703
2 53
1 4500
2 28
1 7108
1 3637
1 6075
2 42
1 5375
1 3957
1 8155
1 5436
1 7210
1 3048
2 38
1 2527
1 8698
1 5638
2 74
1 6549
1 6898
1 7149
1 5603
2 83
1 1521
1 2058
1 5835
1 8030
2 24
1 2263
1 2516
1 5212
1 2664
2 7
1 2063
1 7287
1 3851
1 8286
1 8522
1 6785
2 17
1 8776
2 90
1 3286
1 4237
1 457
1 339
2 43
2 28
2 21
1 8748
2 2
1 6556
1 8405
2 42
1 4178
1 6738
2 61
2 97
1 6300
2 13
1 7102
1 8779
2 37
2 92
1 2941
1 1680
1 3259
1 4431
1 6019
2 95
1 997
1 9503
2 11
1 3031
2 96
1 543
1 5196
2 44
1 3679
2 12
1 4358
1 6163
1 3865
1 5635
1 5634
1 6434
1 4196
1 178
2 15
1 5467
1 6681
2 42
1 8036
2 8
1 5127
1 8335
1 1377
1 3455
1 1445
1 1479
1 6989
1 62
1 6556
1 9218
1 6153
1 5629
2 70
1 4711
2 12
2 31
2 3
1 8610
1 2337
2 33
1 3860
1 7213
1 5441
2 47
1 3867
1 6459
1 4994
1 2854
2 83
1 9830
2 58
2 50
2 71
1 4310
1 8457
1 5996
1 5180
2 58
2 31
1 5322
2 45
1 3429
1 3870
2 43
1 2905
2 8
2 98
1 1303
1 5946
1 9209
1 5971
1 9425
2 74
1 4477
1 2257
1 422
2 79
1 9089
1 2839
1 6682
1 6589
1 7191
1 9773
1 6110
2 68
2 91
1 3229
1 6639
2 66
1 7713
1 3619
2 20
2 83
1 6059
1 3578
1 9627
1 2959
1 2931
2 16
2 11
1 7065
1 7614
1 1643
1 7346
1 8073
1 9812
2 95
1 5949
2 56
1 1769
2 74
1 9426
1 4567
1 9498
2 41
1 1064
1 3693
1 7814
1 9283
1 6287
1 6572
2 81
2 43
1 6710
1 8766
1 5593
2 25
1 2986
1 81
2 97
1 5843
1 5352
2 58
2 75
1 4679
2 15
1 2669
1 6427
1 6384
1 3305
2 43
1 1370
1 6623
1 6753
1 3194
1 7241
1 9987
1 4926
2 84
1 3628
2 27
2 34
1 1128
1 8713
1 5720
2 90
1 9973
2 96
1 1094
1 9653
1 9238
1 9677
2 21
2 13
1 3460
2 65
2 65
1 4275
1 6183
1 7866
2 40
1 8296
1 9969
1 6984
1 695
1 1703
1 6235
1 1862
2 23
1 5434
2 46
1 4682
1 1890
1 7851
2 46
2 99
1 5301
1 9099
1 2568
1 6334
2 54
1 5901
2 21
2 0
2 73
1 2961
2 38
1 5843
2 93
1 126
1 2115
1 5368
1 1079
1 2687
2 69
1 9614
1 6116
1 342
2 96
1 5403
2 86
1 5345
1 8711
2 81
1 7586
1 1024
1 1103
1 3470
1 7212
1 5829
1 7883
1 9150
2 73
2 49
1 2627
1 294
2 50
2 37
1 9532
2 44
2 29
2 31
1 8260
1 6208
1 9151
1 8645
2 1
2 37
1 9991
1 789
1 5378
1 254
1 9427
1 564
2 86
1 2429
2 69
1 1934
2 22
1 3360
1 2883
1 1134
1 6152
1 3267
2 99
2 51
1 7844
1 2076
2 57
2 25
2 40
2 22
2 6
2 88
1 5050
2 69
2 5
2 37
1 9314
1 5576
1 3734
2 8
2 60
2 15
2 19
2 24
1 9149
1 9649
1 1676
1 8971
1 7080
2 73
1 369
1 7089
2 7
1 5256
1 9707
2 87
1 5396
1 255
1 4457
1 9645
2 38
1 6073
1 4155
1 8630
2 36
1 1595
2 34
1 81
1 4053
1 1354
2 41
1 5878
1 6792
1 3222
1 5240
1 3912
2 85
1 7370
1 1382
2 2
1 8348
2 54
1 3240
1 8638
1 3578
1 1054
2 28
2 99
2 94
1 9914
2 87
1 6476
1 164
1 2666
1 9848
1 9308
1 1125
1 2667
2 30
2 16
1 353
1 3371
1 2349
2 54
1 9268
1 2776
1 1927
1 8044
1 3099
2 63
1 9984
2 2
2 31
1 8179
1 6877
1 5411
2 52
1 6752
1 8492
1 5723
1 334
1 2160
2 41
1 706
1 3619
2 28
2 90
1 3769
1 2274
2 46
2 44
2 27
1 1545
1 3703
2 7
1 4149
2 42
1 9724
1 5570
2 19
1 7478
1 9144
1 7845
1 5052
1 1215
1 1974
1 2461
1 1805
2 68
2 3
1 1287
1 5134
1 3558
2 2
1 5288
2 46
1 3376
1 2001
2 94
2 40
1 3104
2 27
2 34
1 9571
1 6371
1 703
1 7215
1 9576
1 696
1 6253
2 48
1 1456
2 74
1 8466
1 6862
1 3869
1 1233
1 1884
1 1085
2 76
1 4126
2 14
1 4235
2 84
1 3621
1 3621
2 83
1 5678
1 1238
1 9008
2 93
1 771
1 9452
2 16
1 6816
1 4345
2 76
2 86
1 9560
1 9569
2 8
1 4319
1 971
2 13
1 493
1 6662
1 9598
1 3147
1 6441
1 2291
2 4
2 5
2 51
2 90
2 89
1 7896
1 8206
1 5448
1 4917
2 77
2 62
1 1614
2 45
2 75
1 5868
1 6941
2 28
2 34
2 93
1 2732
2 75
1 956
1 1899
1 7632
1 5917
1 2227
1 8828
1 4333
1 1307
1 3402
2 81
1 2506
1 4189
1 1732
1 4822
1 4659
1 4148
1 821
1 8372
1 2864
1 2880
1 9143
1 7989
2 77
2 80
1 9176
2 78
1 9958
1 7623
1 8345
1 5211
1 3867
1 1324
1 1760
1 5845
1 6689
1 2420
1 3137
2 20
1 6057
1 8449
2 27
2 69
1 1096
1 7059
1 6039
1 1502
1 7983
1 947
1 8874
2 43
2 82
1 4099
1 9900
2 86
1 6221
2 75
1 6107
1 7944
1 1701
1 5701
1 3626
1 4000
2 63
1 1352
2 80
2 98
1 1563
1 379
1 6439
1 7422
1 8788
1 4292
1 5776
1 1154
2 99
1 7923
1 412
1 1532
1 6870
2 11
1 7660
1 3982
1 1312
2 6
2 97
1 3116
2 57
1 2459
1 5997
2 17
2 68
2 58
2 15
1 3084
1 2984
1 2473
1 1527
2 62
2 35
1 3295
2 77
2 8
1 3820
2 14
1 6877
1 2111
2 91
2 36
1 1723
2 82
1 911
1 1705
1 9889
1 7982
1 1187
1 9354
1 7689
1 8764
1 3422
1 4031
1 6027
1 349
1 470
1 8638
1 7057
1 9606
1 3976
1 3112
2 19
1 3626
1 2372
2 47
2 94
1 4274
1 2737
1 5916
2 8
1 6658
1 2955
1 6169
1 8543
1 4333
2 97
2 90
1 4892
2 75
2 83
2 0
1 8516
1 7155
1 2609
2 63
2 56
1 1034
1 1029
1 5008
2 93
1 4795
1 5843
1 3557
2 29
2 7
1 6130
1 5590
1 1387
1 8603
1 2168
2 37
2 7
1 9204
1 8349
2 76
1 2610
2 95
1 2689
1 5540
1 6887
1 9691
1 3327
1 6719
1 4379
1 8711
2 66
1 7109
1 9968
1 5442
1 3230
2 87
1 8260
1 645
1 325
1 9293
2 87
1 2933
1 4266
1 6821
1 1327
1 7898
1 7060
2 80
1 7672
2 80
1 9283
2 30
1 7662
2 48
1 9924
2 15
2 31
2 71
1 6842
1 8739
2 22
1 8849
1 1644
1 2662
1 9416
1 6571
2 38
1 2595
1 9757
1 2170
1 7931
1 4738
2 72
1 7499
2 22
1 4981
1 9228
1 95
1 3417
2 28
1 9822
2 78
2 18
1 4172
1 6977
1 7627
1 2770
2 86
1 6971
2 4
1 8756
1 6375
1 5657
1 1562
1 5580
1 4613
1 6625
1 5392
2 20
1 2758
1 2259
1 272
2 54
1 1416
1 7807
1 7988
2 0
1 7253
1 7186
1 7527
1 5975
1 4520
1 3694
1 117
1 5829
1 1093
2 96
1 5822
2 30
1 7493
1 1853
1 3731
1 2549
2 40
1 6151
1 5206
2 27
1 7430
1 5991
1 8543
1 423
1 2613
1 7354
1 1455
1 2025
1 1176
1 7133
1 2175
1 2243
2 84
1 494
2 68
1 9760
2 97
2 82
1 276
1 4254
1 1366
2 76
1 8321
1 8121
1 6285
2 7
2 76
2 10
1 7747
1 6150
1 1138
1 1627
1 8015
1 1830
2 11
1 7533
1 396
2 53
2 39
2 45
1 5077
1 5064
1 1030
2 15
1 3972
1 9749
2 99
1 8675
1 7558
1 8964
2 29
2 12
1 762
2 84
1 6416
2 76
1 1003
1 6916
2 51
1 7162
1 2499
1 3337
1 4640
2 94
1 8869
2 9
1 7642
1 7851
1 5110
1 5838
1 1936
1 9372
1 2628
1 1324
1 1097
1 9701
1 1750
2 51
1 1403
1 8590
1 9375
1 4787
1 8024
1 8125
1 5249
1 1013
1 3841
1 2828
1 3027
1 647
1 8990
1 425
2 60
1 3484
1 6464
1 4120
2 42
1 5560
2 42
1 8148
1 353
1 9389
1 2252
2 70
1 2721
1 2107
1 716
1 8804
1 4414
1 655
1 7066
1 3069
1 6388
1 14
2 50
1 2843
2 0
2 22
1 801
2 2
1 3301
1 7937
1 7608
1 7177
1 1734
1 9253
1 8961
1 6505
2 0
1 8692
2 73
1 3103
1 119
1 2401
1 1013
1 7146
2 77
1 1036
2 45
1 75
1 6046
2 77
2 7
1 3060
1 3498
2 20
1 9639
1 4653
1 3275
1 3382
1 6071
1 1307
2 19
2 18
1 6908
2 54
2 3
1 666
1 209
1 8096
2 81
2 45
2 80
1 3933
1 2653
1 2007
2 41
2 52
2 83
1 1710
1 1748
2 9
1 3106
2 94
2 80
1 3374
2 4
1 384
2 99
1 6254
2 43
1 7647
1 4279
2 37
2 26
2 42
2 53
1 2869
1 3137
1 4461
2 62
2 37
1 8507
2 79
2 74
1 7348
2 51
1 3059
1 588
1 8400
1 8623
2 40
1 555
1 8754
1 5627
1 7559
1 7404
1 1228
1 4449
1 689
1 9654
1 3753
1 5737
1 543
2 99
1 2314
1 4308
1 8910
2 97
1 7612
1 7233
2 35
1 9160
1 6900
1 252
1 5541
1 1979
2 46
1 8810
2 30
1 527
2 37
1 8161
1 8755
2 66
1 5895
1 7892
1 4885
1 6895
2 70
1 5727
2 34
1 8200
1 8127
2 96
1 2148
1 2989
1 4096
2 48
2 17
1 5572
2 81
1 9745
1 6868
1 7522
2 37
1 2787
1 3660
1 1638
1 701
2 30
1 577
2 50
2 98
1 3878
1 570
2 18
1 9266
2 44
2 82
1 6367
1 1576
1 1960
1 2845
1 3375
1 7619
1 9100
2 50
1 9223
1 6857
1 9227
2 89
2 24
1 2753
2 6
1 5275
2 57
2 88
2 84
1 4061
2 79
2 45
2 25
1 7613
2 72
1 1258
2 46
2 39
1 1034
2 3
2 4
2 77
1 2524
2 67
2 10
1 9129
1 1541
2 88
1 6032
1 2280
2 36
1 6208
1 6403
1 1670
1 3303
2 18
1 7742
2 27
1 2596
1 3934
1 3022
1 5428
1 9450
1 5039
1 7055
1 1517
2 35
2 52
1 4280
2 64
2 16
1 4073
1 4239
1 2403
1 2709
1 6860
1 2105
2 29
1 2899
1 9742
1 8061
2 33
1 5336
1 645
1 8198
1 3552
1 5393
1 5671
1 821
2 28
1 764
1 8318
2 46
1 777
1 5707
2 2
2 81
1 8096
1 8490
2 57
1 5845
1 9279
1 9670
1 3575
1 5729
1 6726
1 8779
2 93
1 2714
1 7374
2 33
2 48
1 7516
1 7668
1 8085
1 1750
2 55
1 7873
1 8684
2 20
1 548
1 7259
2 1
2 27
1 9467
2 39
1 461
1 679
1 8217
2 66
1 8156
2 65
1 2171
2 51
1 8611
1 1621
2 86
1 8487
1 8207
2 43
1 477
1 6858
1 3538
1 5268
1 2237
2 44
2 67
2 4
2 81
1 6123
1 9128
2 22
1 9330
1 2897
2 47
1 1564
1 1896
2 25
2 23
1 3541
1 6079
1 7645
2 52
1 4444
2 99
1 2921
2 10
1 9582
1 2317
1 4236
2 24
1 8619
1 6926
1 2449
2 52
1 6490
2 66
2 68
1 8535
1 8094
2 45
1 6683
2 62
1 8639
2 50
2 82
1 1380
1 4526
1 736
1 3897
1 5669
2 0
2 8
1 605
2 45
2 69
2 60
1 1032
1 6284
2 35
1 8899
1 1596
2 14
1 4939
1 5802
1 845
2 19
1 6489
2 77
1 1270
1 2145
1 7691
2 82
1 3200
1 4746
1 8641
1 1233
2 66
1 9064
2 75
2 31
2 90
2 92
2 5
1 8976
1 1901
2 64
1 8391
1 4667
2 56
2 46
1 9412
1 7184
1 1255
1 3963
1 3818
1 7136
2 84
2 10
1 2365
1 817
1 249
2 2
2 82
1 6583
1 644
1 4478
2 98
1 6098
1 615
2 62
2 34
1 6349
1 2424
2 9
1 219
2 17
1 5356
1 5460
1 9553
1 3873
1 9640
1 6606
1 2717
2 69
2 54
2 4
1 2876
2 9
1 6967
1 2794
1 9971
1 358
1 9229
1 5318
1 565
1 5332
2 2
1 2395
1 7348
1 9000
2 88
1 1774
2 89
1 9728
2 72
2 94
2 61
1 5236
1 8380
1 495
1 2449
1 1856
2 68
1 8362
1 3584
1 3341
1 3184
1 6859
1 496
1 4491
1 8165
1 7637
1 2904
1 6010
2 61
1 2935
2 13
2 39
2 90
1 2384
2 97
1 7763
1 3545
1 7770
1 266
1 8123
2 89
1 2729
1 4985
2 94
1 7949
1 6048
1 7223
1 7552
1 8720
1 1597
2 83
1 4017
2 66
2 23
1 401
1 1736
1 2540
2 12
2 95
1 4993
2 94
1 3197
1 7420
2 56
1 3390
2 72
1 3002
2 0
1 3074
2 93
2 91
1 9184
2 18
1 9172
2 38
1 1664
1 7911
1 6395
2 83
1 4176
2 57
2 61
2 27
1 1124
1 1216
2 19
2 42
1 8321
1 4275
2 3
2 80
1 7767
1 9541
1 3957
1 8954
1 2268
2 95
2 61
1 7326
2 8
1 6770
2 15
1 6681
1 3529
1 7383
1 5404
1 8520
1 4019
1 6390
1 8623
2 24
1 2733
1 2030
1 7057
2 88
2 6
1 7039
1 2950
1 2061
2 10
1 6672
1 7542
2 23
1 9605
2 22
1 395
2 54
1 9447
1 8334
1 3209
1 736
2 90
1 5983
1 7848
1 4843
2 1
1 1663
1 9411
2 83
1 9023
2 99
2 80
1 5251
2 92
1 3952
2 97
1 8999
2 88
1 7203
2 57
2 18
1 6265
1 6365
1 234
1 7396
1 1663
1 1380
1 9118
1 3462
1 2921
2 99
2 48
1 7891
1 266
1 6638
2 98
1 4627
2 47
2 44
1 2062
1 637
1 9231
1 9740
1 5001
1 9445
1 6969
2 33
1 4659
1 1749
1 9015
1 3627
1 9623
2 76
2 19
1 5796
1 4047
1 4090
2 48
1 4331
1 3385
1 431
2 95
1 4833
2 13
1 1793
1 7674
2 19
1 6380
1 8067
1 8092
1 8697
2 2
1 8121
1 2970
1 1256
1 2580
1 9413
1 8150
1 2601
1 7181
1 2524
2 61
1 8506
1 6714
1 7231
1 436
1 3298
2 50
2 85
1 224
2 70
2 78
1 7593
1 7108
2 81
2 72
1 1849
2 14
2 87
2 32
2 93
2 82
1 7154
2 67
1 4032
2 18
2 24
1 3990
2 83
1 2991
2 80
1 3567
1 6449
2 30
1 9579
2 74
1 6350
1 4272
1 1673
1 5548
2 43
1 3186
2 34
1 9679
1 978
1 4648
2 56
1 1714
2 96
1 3621
1 996
2 8
1 9460
1 3554
1 2480
1 9543
2 28
1 6449
1 6257
1 726
2 78
1 2656
1 9942
1 8325
2 54
1 5089
1 9375
2 64
1 7347
1 2673
1 1845
2 30
1 1297
2 99
1 4675
1 7493
2 88
2 23
1 872
1 4644
1 5371
1 9096
2 83
1 6286
1 8323
2 18
1 1175
1 1207
2 71
2 63
1 8276
1 4313
1 373
1 2170
1 134
1 260
1 5603
1 2956
1 3993
1 2341
1 4554
2 88
2 54
2 45
2 75
1 4367
2 11
2 56
2 44
1 1831
1 3694
1 2789
2 41
2 95
1 1341
2 68
1 2502
1 7977
1 2045
1 6914
1 9817
1 4574
1 2666
1 5207
2 7
2 80
2 18
1 3749
1 2932
2 68
1 1637
2 1
1 5646
2 84
1 7030
2 63
1 3016
1 4172
1 1193
2 91
1 9121
1 2754
2 43
1 9643
1 6202
2 15
1 6473
2 10
2 62
2 88
2 12
2 64
1 6223
1 2641
2 27
1 2071
1 5333
1 5514
1 1329
1 7021
2 79
2 44
2 30
1 9283
2 13
1 8940
1 9761
1 9511
1 2422
1 9753
1 6646
2 97
1 6650
1 4394
1 3092
1 4566
2 27
1 8241
1 4452
1 5091
1 8378
2 10
1 9451
1 476
1 5393
1 9733
2 84
1 6722
2 73
1 5740
2 88
1 4259
1 5651
1 3740
2 90
1 8575
2 92
1 1950
2 28
1 3244
2 90
2 29
1 8779
1 5175
2 35
1 9346
1 3927
1 359
2 88
1 2386
1 9283
1 8053
1 3266
2 62
1 8782
1 691
2 87
1 7909
1 6069
2 64
1 352
1 8340
2 20
1 210
1 5502
1 1504
1 9910
1 5989
1 5913
2 56
1 8030
2 51
2 26
1 3458
2 88
1 4704
2 20
2 98
1 4447
2 77
1 5382
2 10
2 51
1 1173
1 5641
2 84
2 58
1 9554
2 94
1 3651
1 9266
1 3958
1 4104
1 8158
1 2968
2 48
1 1528
1 6348
2 93
2 4
1 7033
2 77
1 5349
2 77
1 6660
2 95
1 6116
1 3589
1 6390
2 51
2 3
2 40
1 5921
1 1296
1 6987
1 3009
1 7105
2 32
1 750
1 3633
1 2409
1 3336
2 93
1 5098
2 13
2 51
2 2
1 6340
1 2309
2 41
1 9420
2 96
1 584
1 5332
2 39
1 5096
1 8496
2 75
2 80
2 36
1 9225
1 3885
1 692
2 82
1 7862
1 5002
1 2209
1 6512
1 3936
2 68
2 35
2 32
2 67
2 62
1 9780
1 564
2 13
2 47
2 10
1 7796
1 1769
1 8875
1 174
1 3123
1 9935
1 1015
2 82
2 18
2 50
1 9718
1 4307
1 3807
1 7435
2 41
1 7987
1 3702
1 7447
1 86
2 6
2 44
2 95
1 6758
1 9694
2 90
1 2974
2 58
1 1748
2 93
1 974
2 39
1 1784
2 14
1 6629
1 9557
2 47
1 608
1 9446
1 4683
1 2286
1 6560
2 88
1 8895
1 4809
1 6126
1 8074
1 7448
1 4174
2 17
2 3
1 8103
2 16
1 2027
2 24
1 2987
1 6790
2 63
1 8328
1 2574
1 6162
2 52
2 15
1 446
1 1591
1 6506
1 9942
1 9764
1 6024
1 5486
1 1206
2 58
2 43
2 99
2 1
1 8544
1 3959
2 5
1 2891
2 75
2 22
1 5507
1 1360
1 6554
1 9767
1 8541
1 6866
1 5322
2 29
2 66
2 42
2 93
2 17
1 6360
1 9940
1 8142
2 79
1 771
2 52
1 9396
1 5717
1 2366
1 8703
2 1
1 9343
2 11
2 47
2 44
2 94
1 7382
1 1041
2 79
1 5525
1 1002
2 87
1 2190
1 4688
1 3424
1 8596
2 77
1 3126
1 7845
1 2087
2 42
1 5764
1 7319
1 9881
1 2146
2 30
2 62
1 9899
1 2700
1 9302
2 6
1 6077
1 2191
2 0
1 3398
1 5013
1 3675
1 2024
2 75
2 89
2 36
1 9229
2 39
1 967
1 6419
1 5466
1 4520
1 4603
1 3450
1 3100
1 6753
1 7220
2 88
2 77
1 7502
1 8904
2 51
1 3739
2 63
2 84
2 49
2 88
1 8187
2 25
2 81
2 11
1 3772
1 1666
1 360
2 81
2 89
1 1733
1 7932
1 5944
2 1
2 96
1 1063
1 3705
1 2081
1 3593
1 8276
1 7802
1 5898
1 7415
2 79
1 3177
2 54
2 73
2 67
2 2
2 4
1 1121
1 8566
2 70
1 1092
1 3564
2 45
1 7769
1 3539
1 9366
1 3495
1 8386
2 38
2 85
1 1713
1 3803
1 8863
1 9941
1 9752
2 7
1 384
1 2916
1 2062
1 1646
1 2223
1 3461
1 9908
2 9
1 277
1 605
2 84
1 6813
2 56
1 7436
1 6473
2 89
1 8912
2 81
1 8940
1 9281
1 3462
2 95
1 7293
1 9788
2 1
1 8616
2 11
1 8562
1 4889
1 4980
1 6919
1 4572
1 8572
2 58
1 1474
1 5027
1 4238
1 1011
1 1519
1 1806
1 7544
1 2892
1 2204
1 1889
2 1
1 4808
1 3539
2 56
1 1109
1 5975
1 2972
2 38
2 83
2 14
1 8387
2 78
2 0
1 982
2 48
2 93
1 2444
1 4814
2 62
1 4447
1 8256
2 99
1 7777
2 11
1 1370
1 2285
1 8545
1 8393
1 3528
1 802
1 4950
2 97
2 69
1 9731
1 1380
1 6858
1 4601
2 72
2 32
1 4827
1 3653
2 70
1 3573
2 71
2 12
2 18
1 755
1 9904
1 8947
2 36
2 38
2 63
1 3581
1 3498
2 9
1 4163
2 81
1 3152
1 9432
1 5167
1 902
1 3147
1 1369
2 84
1 9038
2 6
1 8848
1 3971
1 9551
1 1969
2 48
1 1455
1 85
1 1058
1 7585
2 65
1 5952
1 2848
2 90
1 3991
1 9666
1 3653
1 4301
2 36
1 7797
1 705
1 805
1 1991
2 94
2 67
2 19
2 82
1 5628
1 1605
1 8729
1 5488
2 65
1 9614
1 3118
1 7442
1 7935
1 6267
1 6659
1 5983
2 76
2 22
1 8716
1 3921
1 7941
2 17
1 7474
2 77
1 2718
1 1295
2 33
2 94
1 3236
2 63
1 3982
1 5082
1 7808
1 7632
1 4169
1 3573
1 3431
2 14
2 88
2 13
2 56
2 74
1 4052
1 6679
2 89
1 9888
1 1769
1 7300
2 86
2 24
2 91
2 12
1 7689
1 6229
1 1074
1 8177
1 2859
2 21
2 52
2 69
1 4602
1 9847
2 44
1 2301
1 4784
1 2282
2 71
2 92
1 5381
2 77
1 5776
2 95
1 4248
1 8250
2 32
1 6357
2 46
2 6
1 9703
1 8579
2 3
1 1165
1 775
1 5034
1 8694
1 8964
2 14
1 5809
2 29
2 78
1 8269
1 6854
1 393
1 2032
2 30
1 7288
1 7825
1 3657
1 1620
2 11
1 7828
1 7489
1 1316
1 7612
1 6414
1 3264
1 9634
1 3953
1 3934
1 2828
2 29
1 6812
1 4922
1 2080
1 5513
1 9562
1 5966
2 52
1 9406
1 4282
1 4697
1 6856
1 4017
1 7063
1 3148
1 1315
1 6360
1 5929
1 1301
1 530
1 7550
2 28
2 61
1 3502
1 3753
1 7779
1 1684
1 5486
2 81
1 6357
1 5144
2 64
2 85
1 5492
1 390
1 9323
2 88
2 5
2 30
2 6
1 4505
1 7941
1 2094
2 45
1 5032
1 4245
1 4976
1 8034
1 9429
1 5989
1 5900
1 6817
2 38
2 97
1 7698
2 0
1 1465
2 47
1 444
2 65
1 6642
1 2005
1 4152
1 7802
1 9917
1 6106
2 54
2 5
1 253
1 6181
1 6982
1 6507
1 3217
1 8359
2 69
2 54
1 1970
1 7908
2 2
1 6056
1 5854
1 5973
2 14
2 6
1 3132
2 23
1 5697
1 1265
1 6458
1 8927
1 842
2 33
1 4615
1 1639
1 3309
1 1362
2 25
1 473
1 6548
2 20
2 5
2 24
1 9596
1 1543
2 97
2 58
1 7591
2 24
2 30
2 97
2 44
1 5571
2 75
2 74
1 9832
2 64
1 6539
1 6690
1 9065
1 8542
1 7760
1 2093
2 98
2 2
1 4987
2 57
2 2
2 28
2 0
1 8145
1 2434
1 270
2 98
1 1461
1 4249
1 7769
1 4353
1 3712
2 7
1 9853
1 6704
1 1574
1 3189
1 991
1 7444
1 3072
1 84
1 5204
1 3006
2 89
1 3021
1 5617
1 9279
1 4281
1 9656
1 8487
1 9695
1 5976
2 72
1 2451
1 8807
1 7248
2 52
2 52
1 5470
2 81
1 3587
1 8571
1 9484
1 5608
1 3339
1 1852
1 6862
1 8623
1 3852
2 14
1 2950
1 7903
1 7505
1 9098
1 2
1 4172
2 74
1 9159
2 19
2 24
1 1568
1 7377
1 1152
1 1569
1 3427
1 7664
2 44
2 8
1 1400
1 1261
1 9983
1 1343
1 880
1 695
1 7975
2 8
1 80
1 677
1 6900
1 2589
2 79
2 67
2 85
2 6
1 3952
2 76
1 83
1 7708
2 22
1 143
2 5
1 2453
2 82
2 45
1 8080
2 54
1 3780
1 4806
1 2454
1 8584
1 3790
2 66
1 7992
1 1189
1 1861
1 3133
2 13
1 9432
1 5068
2 46
1 7545
2 55
1 4969
2 99
1 5852
2 1
2 38
2 98
1 3980
1 4808
2 87
2 9
2 98
1 6005
1 778
1 4449
1 7152
1 6001
1 6716
1 5896
1 7256
1 8562
2 56
1 5728
2 58
2 81
1 4830
1 7373
1 5919
2 60
1 412
2 77
1 3168
1 8742
1 2415
1 8805
2 70
2 35
2 85
1 8712
1 6136
1 7975
1 8758
1 8380
1 1430
1 4079
1 1202
1 8462
1 1883
1 607
2 18
2 66
1 9483
1 4339
1 5792
1 8677
2 26
1 5598
1 4704
1 6086
1 4720
1 4328
2 83
2 29
1 9995
2 35
1 9368
2 98
2 67
2 31
2 35
1 3554
2 48
1 7606
1 3130
1 2060
1 6562
2 64
1 5530
1 4146
1 9432
2 64
1 4293
2 40
2 67
1 6346
1 5411
2 28
1 5405
1 6207
1 6821
1 9090
1 7359
2 73
2 13
1 1119
2 55
2 59
2 64
1 7245
2 71
1 9808
1 6196
2 92
2 94
1 2840
1 2754
1 2310
2 38
1 9356
2 74
2 60
1 718
2 28
1 8393
2 67
2 63
1 4513
2 55
1 497
1 8224
1 3842
1 1620
1 1092
1 2138
1 7071
2 36
1 2579
2 15
1 7884
1 8143
1 1871
2 38
1 3387
1 2826
2 69
1 9925
1 2028
1 6973
2 97
2 62
1 5058
1 9940
1 600
2 93
1 4147
2 57
1 8362
2 51
1 1712
2 83
2 53
2 95
1 2513
1 3189
1 8301
1 9028
1 5716
2 9
1 3168
2 11
1 598
2 96
2 29
1 7062
1 9081
1 9706
1 14
2 8
1 8408
2 47
1 6194
1 69
1 5464
2 9
1 4146
1 8652
1 5388
1 56
1 5838
1 5707
1 8870
1 2040
1 984
2 77
2 32
1 6101
1 9021
1 4065
2 99
1 9470
2 70
1 1536
1 9166
1 3512
1 5063
1 6276
2 9
1 9170
1 3898
1 7712
2 21
2 29
2 26
1 5671
1 2020
1 9424
1 5968
1 625
2 52
1 138
1 6060
1 6958
1 7435
1 5365
2 57
1 4841
1 3244
1 5469
1 7527
1 1268
1 8986
1 1353
2 43
2 0
1 8820
2 89
1 9345
1 8277
1 1134
1 817
1 9425
2 75
2 61
2 13
1 497
1 9589
1 9619
1 4437
1 5625
2 62
1 7456
1 9325
1 7588
2 26
1 3950
2 83
1 1817
2 23
1 8868
1 4372
1 2628
2 52
2 76
1 6223
1 6868
1 7678
1 4156
2 1
1 7311
1 3170
1 8977
1 7340
1 7361
2 78
1 6142
1 1948
1 2515
1 1018
1 9492
1 9709
1 2463
1 3389
2 70
2 47
1 2741
2 47
1 9384
2 15
2 81
1 9327
1 7951
1 9416
1 1129
1 6942
1 380
1 3334
1 6744
2 58
1 295
1 951
1 4768
2 38
1 4091
2 36
1 1129
2 28
1 6909
1 5898
1 5444
1 5011
1 5845
1 8667
2 50
1 2781
2 13
1 7457
2 21
1 6638
2 30
1 8445
2 58
1 5913
2 63
1 7172
1 1004
2 39
1 6882
1 5790
1 3465
1 21
1 5007
2 36
1 5099
1 9672
1 3250
1 4932
1 2155
1 1906
2 90
1 6638
2 76
1 3214
2 95
2 28
2 2
1 6937
1 6652
1 5110
1 7263
1 6202
1 9252
1 9636
1 4683
1 2611
1 3325
1 56
1 2555
2 81
2 49
2 78
2 64
2 96
1 1789
1 4869
1 5850
2 59
2 49
1 9214
1 6152
1 5987
2 37
1 9472
2 20
1 4827
2 12
2 49
2 2
1 841
1 1987
1 3803
1 5837
2 92
1 7977
1 3042
1 3035
1 2662
2 77
2 31
2 60
1 9499
2 34
2 14
2 17
1 2059
1 7038
1 7911
1 1934
1 9973
2 84
1 6745
1 4749
1 8262
1 1542
1 8675
1 2091
2 13
1 5341
1 9153
1 7758
1 7150
2 70
2 40
1 8616
1 1624
2 97
1 4828
1 4128
1 3345
2 72
1 6017
1 2898
2 11
1 2853
1 1668
1 7861
2 17
1 232
2 66
1 6135
1 8581
2 29
2 66
2 92
1 9145
1 1092
2 20
1 8881
1 4935
1 9853
1 2347
1 1774
1 1707
1 6245
1 3559
1 2980
2 45
2 82
1 3095
1 330
1 221
1 7402
1 1765
2 18
2 80
1 9656
1 8463
1 7178
1 2493
1 8526
1 8508
2 8
2 74
2 70
1 2962
1 9167
1 5160
2 18
1 5558
1 9978
2 80
2 29
1 121
2 66
1 6304
1 1371
1 9423
1 4259
1 4124
1 182
2 50
1 270
1 4975
1 3492
2 20
1 462
1 2161
2 30
1 9990
2 76
1 7624
2 74
1 3945
1 303
2 93
2 15
1 2538
1 1006
1 6570
1 4399
1 673
1 1521
1 4675
2 78
1 6952
1 3665
1 744
2 43
1 2844
1 5463
1 4172
1 3024
1 7805
1 577
1 1233
2 57
2 25
1 1092
1 864
1 4588
1 684
2 14
1 9378
2 51
2 31
2 71
1 312
2 3
2 69
1 5196
1 8606
1 6407
1 914
1 4718
1 9115
1 2299
2 39
2 39
2 58
1 8216
1 2449
1 6276
1 8260
1 7231
2 39
1 9678
1 6074
1 8
2 99
1 1470
1 6737
1 1556
1 3869
1 6642
2 73
1 5089
2 29
2 88
1 4342
2 27
2 48
1 7104
1 4840
1 4288
2 45
2 65
2 58
2 46
1 6284
1 2200
2 24
1 9687
1 5007
1 9324
1 4645
1 3945
2 8
2 68
1 866
2 67
1 9569
1 3042
1 4102
1 7903
2 53
2 39
1 97
1 5919
1 8561
1 806
2 36
2 90
2 21
1 6445
1 9707
1 4781
1 9231
2 74
1 8204
1 3720
1 8140
1 7653
1 4054
1 9695
1 5168
1 2173
1 5253
1 9613
2 98
2 31
2 56
1 7889
1 8439
1 8193
1 7004
1 6504
2 86
1 9735
2 4
1 1682
1 6283
2 71
1 7809
2 16
2 91
1 9920
1 1746
2 59
1 9481
1 9532
1 5145
1 4334
1 2897
1 2873
1 2555
2 16
2 47
1 6728
2 81
1 6582
2 58
1 4804
1 7015
1 4141
1 7665
1 5686
1 6061
2 29
1 3146
1 8641
2 67
1 892
1 5383
2 4
2 23
1 3606
1 6221
1 2163
1 5548
1 6085
1 6330
2 87
1 848
1 7702
2 65
1 6047
1 2972
1 7557
2 9
1 4631
2 13
2 78
1 2999
1 7168
1 8992
1 4465
1 4081
2 67
1 3945
1 5275
1 7169
1 3882
1 967
1 7553
1 5781
2 14
2 67
1 1071
1 8352
1 8321
2 41
1 5371
1 8683
1 9560
1 2968
1 3168
1 5215
1 9334
2 11
1 765
1 9072
2 4
1 4274
1 1971
1 2480
1 2675
1 9430
1 7661
1 2893
1 742
2 47
1 8702
2 36
1 8862
2 12
1 1831
2 82
1 8898
2 65
1 7843
2 75
1 8401
2 49
2 77
1 9635
1 6374
1 5118
1 7077
1 5817
1 3639
1 5568
1 3793
2 68
1 2670
2 99
2 50
2 73
2 70
1 5900
1 2813
2 96
1 2637
1 616
2 99
1 2006
2 98
1 1758
1 7732
1 9066
1 8297
1 3620
1 5461
1 6869
1 6008
1 3725
1 1009
2 7
2 45
1 9713
2 41
1 4462
2 56
1 369
2 48
1 6485
1 1119
2 64
2 38
1 5469
1 8825
1 1347
1 8965
1 6185
1 9743
2 44
2 39
1 556
2 51
2 56
1 6714
2 57
1 4994
1 7117
2 82
1 4982
1 8133
1 3268
1 8390
1 3348
1 1704
1 4696
1 6661
2 43
2 25
2 43
1 4932
1 9781
1 8653
1 8734
2 21
1 6694
2 63
2 1
2 21
2 56
1 1246
1 2201
1 1926
1 8733
1 2944
2 0
1 5924
1 4155
2 94
1 4191
1 9310
1 8302
1 7199
1 3200
1 8251
2 94
1 1852
1 6461
1 4595
2 9
1 4665
2 81
2 98
2 78
1 7868
2 73
2 92
2 55
1 382
1 2169
1 321
2 71
1 6062
2 86
2 88
2 9
2 96
2 68
1 3998
1 5205
1 3088
1 1748
2 44
2 52
1 2481
1 6183
1 1774
1 7679
1 3373
1 4846
1 8636
2 47
1 1119
2 41
1 2610
1 9688
2 82
1 791
1 5127
1 3889
2 61
2 67
2 61
1 8456
2 34
1 4442
1 5402
1 3104
2 71
2 43
1 2991
1 8174
1 5467
2 2
2 76
1 4554
1 3283
2 8
1 4813
1 1657
1 2571
1 6765
1 1676
2 8
1 9843
2 49
1 5571
1 6759
2 48
1 7984
1 3881
1 9047
1 2910
2 93
2 91
1 2370
1 3408
1 2375
1 5357
1 3921
2 11
2 43
1 4721
2 40
1 4521
1 8381
1 3652
1 8271
1 3639
2 6
2 48
1 816
2 84
1 6077
1 2764
1 1757
2 52
2 69
1 9993
1 5831
1 5751
2 56
1 7992
1 2318
1 4166
1 750
2 23
1 39
2 11
1 1018
2 24
2 4
1 5270
1 356
2 47
2 61
1 6751
1 6220
2 83
1 2728
1 7847
2 79
1 1397
2 73
1 417
2 90
1 7474
1 9639
1 9619
1 4360
1 2535
1 7500
1 4943
2 67
2 86
1 5801
1 2941
2 29
2 43
1 3198
2 50
1 370
1 4533
1 1572
1 6357
2 11
1 2773
1 882
1 8761
1 7358
1 3431
2 65
2 95
1 3415
1 2513
2 50
2 16
1 6342
2 81
2 29
1 6550
2 97
1 5575
2 97
2 9
2 7
2 66
1 7118
1 9507
1 6479
1 3499
1 2239
2 97
1 294
1 9199
1 2375
2 1
1 1424
1 5479
1 9142
1 4623
2 71
2 35
1 3777
1 1192
1 7787
1 8162
1 8849
1 4959
1 5724
2 87
1 9907
2 92
1 7412
1 8853
2 75
2 64
1 1065
2 17
2 94
2 14
1 348
1 3597
1 3829
2 83
1 2715
1 356
1 2434
2 3
2 7
2 27
1 8988
1 2134
2 55
2 12
2 32
1 4936
2 86
1 9097
1 3443
1 8398
2 72
2 51
2 47
2 22
1 3656
1 2901
2 69
1 5403
1 8931
2 65
2 57
1 8384
2 27
2 68
1 7623
1 8699
2 3
1 7293
2 83
1 3338
1 7250
1 983
1 1275
1 3024
2 93
2 50
2 74
1 9460
1 7259
1 2742
2 79
1 2476
1 4331
1 6120
2 56
1 7350
1 2050
1 3437
2 10
2 62
1 8760
1 1905
1 7406
2 91
1 6742
2 22
1 6010
2 56
1 849
2 57
2 76
1 2133
1 4093
1 5687
1 4735
1 8330
2 59
1 6063
1 4305
2 43
2 97
2 84
2 76
1 8808
1 2253
1 1371
1 273
1 2223
2 54
1 2236
2 25
1 9
1 7153
2 80
1 3961
2 52
2 17
1 5829
2 77
2 42
1 8207
1 2559
1 5448
1 5551
1 9045
1 7388
2 83
1 6373
2 25
1 9669
2 59
1 6553
1 4868
2 97
2 60
1 5306
1 5889
1 5468
1 9001
2 85
1 5159
1 9628
2 24
1 8075
2 68
1 1417
1 8976
2 67
2 30
2 91
1 6815
1 9770
1 8681
2 67
1 8961
1 2081
2 39
1 337
1 4063
2 13
1 2509
1 6372
1 9746
1 8034
1 2384
1 8290
1 1655
1 4608
1 2354
2 43
2 30
2 17
2 45
1 3353
1 3242
1 2169
1 6429
1 9941
2 44
2 53
2 15
2 86
1 738
1 9863
1 1011
1 4409
1 3390
2 73
1 7379
