1 886
0 6915
2 833
1 492
0 1421
2 2
2 5
2 392
0 3426
1 5736
2 536
0 6429
2 153
2 512
1 3135
2 980
0 3058
2 816
1 8456
1 8042
0 7373
0 4919
2 853
2 432
2 437
2 352
1 8980
2 187
2 917
1 7281
0 925
2 632
2 650
1 1729
1 5857
0 3895
0 545
2 336
2 36
0 3750
1 6808
0 7178
2 358
0 2651
2 239
0 5060
2 336
1 12
1 8586
0 7539
0 570
2 37
2 660
2 290
0 492
1 756
1 280
2 944
0 9689
1 6619
1 4729
0 8117
0 5771
0 675
0 8927
0 7856
2 235
0 6965
1 4683
2 862
1 2871
2 882
0 19
0 3368
1 6715
1 8149
0 723
2 224
2 345
1 3555
2 748
2 822
1 2350
1 1500
2 776
0 4914
2 585
0 6491
2 836
0 1936
1 2551
2 922
2 540
0 6121
2 439
2 123
0 3793
2 442
0 1011
0 9529
2 240
1 5763
2 453
2 684
1 4818
0 688
0 7917
2 699
2 774
0 2183
2 549
1 6725
1 5590
2 813
2 978
0 8082
0 8464
1 9507
0 8804
2 861
2 782
2 734
1 5568
1 5422
2 381
0 1801
1 3730
1 1305
0 8736
1 8626
0 3465
2 341
0 3258
2 763
0 5624
0 2036
2 189
0 5550
2 7
0 7131
0 4930
1 5894
1 163
1 7981
2 299
0 3773
1 9668
2 109
2 646
2 134
1 7684
0 5542
0 9107
0 9756
1 8418
2 941
1 2172
0 2009
2 521
0 7587
0 9301
1 7372
1 1255
2 459
0 9904
1 9811
2 566
2 622
2 915
0 6658
0 9224
1 7269
2 408
0 84
1 1972
2 385
1 5385
2 929
1 6042
2 71
2 619
0 2590
2 858
0 9336
0 1155
2 800
2 476
0 1776
0 7255
1 8142
2 588
1 3205
2 956
2 61
1 2754
0 4259
1 8202
1 3506
2 202
0 868
0 5189
1 9908
0 498
0 8808
1 6248
0 3333
1 1648
0 9754
1 1746
2 952
2 804
0 9797
2 699
1 3033
0 2497
2 489
0 9125
2 399
1 9188
0 3729
1 2460
2 392
0 6304
2 802
2 674
1 8902
2 769
1 1043
2 200
0 6403
2 68
2 853
1 5151
2 213
1 1692
0 6127
0 5629
1 964
2 642
2 633
0 2900
1 7971
2 28
2 798
0 5795
2 314
0 8390
0 5340
0 569
2 423
2 604
0 9117
0 6761
0 6309
0 5425
2 636
2 423
0 1626
1 6057
2 316
0 358
2 738
1 4346
0 4994
1 6552
0 3529
0 2290
2 697
0 9080
2 859
1 8627
2 188
0 8355
2 9
0 9479
2 896
0 2274
2 764
2 543
0 7888
1 4566
1 7284
2 41
0 2260
1 237
0 3059
2 851
2 78
1 8458
2 763
0 483
1 478
0 9314
0 5729
0 3459
2 943
2 138
0 1233
1 3681
0 358
1 699
1 1839
2 836
1 8794
1 9847
0 7462
0 9390
2 579
2 511
2 615
1 1491
1 2951
0 5021
2 374
0 4030
2 532
1 7516
1 3002
0 6139
2 540
2 458
0 9021
0 9862
1 5379
0 2685
2 990
0 3483
2 975
0 9744
0 9911
2 395
2 756
0 5105
0 49
2 871
2 993
1 7375
2 361
1 3768
0 4918
0 6882
2 698
2 403
0 1574
1 6593
0 253
2 307
2 471
2 837
0 5775
2 291
2 673
0 1017
2 23
1 5691
1 3943
1 6328
0 9291
2 401
1 6836
2 505
1 3858
0 4904
2 266
0 9685
1 3073
0 6851
2 925
0 6503
0 9006
0 4639
1 1120
1 226
1 7677
0 3981
1 7560
2 795
0 3518
0 6342
2 519
1 7321
2 498
1 4427
0 2040
0 72
1 5830
2 34
0 2030
1 3714
1 7522
0 6924
0 9435
0 9204
1 443
2 548
2 427
1 262
0 9683
2 984
1 8324
1 9122
0 7335
0 7457
0 2747
1 1776
0 5218
2 170
1 9933
2 395
0 2806
1 8720
0 1308
0 2698
0 6376
0 2715
0 5171
0 1559
2 401
1 8224
1 6539
0 3378
2 505
2 911
0 5989
0 8067
2 522
1 2231
2 212
1 3875
0 179
2 225
0 1131
0 7857
2 918
1 4603
2 243
2 18
0 9415
1 8825
1 8722
1 551
0 32
0 3181
1 415
1 9708
0 9999
0 2297
0 5776
1 8977
1 2587
0 3382
0 4266
1 8860
0 9211
1 9086
2 93
0 4583
0 1476
1 5820
0 7525
0 8839
2 749
2 136
2 764
2 92
0 6621
0 7955
1 4225
2 457
0 853
0 7722
0 2350
0 9097
0 9126
2 207
0 3149
2 52
0 8398
0 6610
2 857
0 8976
1 4552
1 6087
0 99
0 8566
1 7017
2 273
0 1298
2 319
0 5805
1 3428
2 252
2 959
1 2197
1 9672
0 6445
2 232
2 828
1 6127
0 5421
2 933
1 7334
0 8159
2 295
2 176
2 297
1 7716
0 1850
2 548
2 621
0 1173
0 6506
0 6364
2 826
1 3172
2 353
2 882
0 7280
0 5856
1 8341
0 5352
1 5511
2 951
2 308
1 4112
2 650
0 4667
0 1489
1 4154
2 987
0 6141
2 253
2 63
2 195
1 2760
2 681
2 431
0 3886
2 603
1 1535
0 2621
1 1790
2 10
1 4673
2 573
1 4295
2 431
2 319
0 9355
2 779
1 8156
1 2933
1 3286
0 5358
2 14
0 2181
2 399
1 50
2 995
0 8364
1 5624
1 3919
2 584
0 1238
1 4976
1 19
0 6343
0 1956
1 2475
0 8011
2 691
2 172
0 6868
1 5002
2 920
1 5216
2 237
1 7472
1 8957
1 6125
2 679
0 3418
0 8153
2 547
0 5393
1 5948
1 30
0 9559
1 2160
2 642
1 4280
2 890
1 3480
2 758
1 4140
2 272
2 255
2 43
0 4220
2 769
2 939
0 8270
0 7667
0 2671
0 8743
0 3899
1 7088
0 2386
2 823
2 571
2 3
2 966
1 7279
2 964
2 235
2 746
0 7330
1 7515
2 991
0 3881
0 5634
0 4387
2 328
2 964
0 6742
1 244
2 13
0 2063
1 6353
0 5269
2 540
0 6799
2 481
2 43
1 853
1 2450
2 480
1 5562
1 3610
2 596
2 691
1 9829
1 8816
0 821
2 360
2 657
0 1528
2 444
0 4045
2 378
0 5551
1 1386
1 9426
2 479
2 850
1 6092
1 9664
1 8820
0 4166
0 6354
2 843
2 948
0 6312
2 901
2 516
2 160
1 1745
2 742
2 629
1 559
2 567
2 657
1 8925
2 17
1 4089
0 3566
0 5812
0 5196
2 333
1 5186
0 3370
2 556
1 6141
1 2639
2 426
1 3590
2 620
2 163
0 8257
1 4571
2 468
1 1225
2 754
1 8972
1 634
0 5725
1 952
0 5472
0 3339
2 588
0 7661
2 754
1 2339
1 5344
1 7330
1 9294
2 75
1 8860
1 3292
2 187
1 1990
1 635
0 1598
2 274
0 570
0 2540
2 80
0 4800
2 560
2 644
2 276
0 1304
2 260
1 4523
1 4349
0 2530
1 6704
1 1986
2 562
0 9591
2 240
2 713
2 491
1 9053
2 842
0 9819
2 758
1 3768
0 7639
0 2438
2 739
1 4680
1 4486
2 875
0 4098
2 901
1 3179
1 6066
1 4425
0 4978
1 6966
0 6748
1 2272
0 1086
0 5159
2 190
0 1197
2 300
1 5951
1 8498
2 915
2 290
0 3
0 6784
0 6797
1 3633
1 6560
0 1014
2 89
2 509
1 8329
2 131
1 2634
1 7914
2 877
2 498
2 662
0 6616
1 9569
0 7409
1 1515
0 2833
1 7776
0 9613
2 230
0 3786
0 763
1 6508
0 9416
2 198
1 3540
2 882
0 7565
2 949
2 154
1 9853
1 4303
2 384
0 6534
1 9810
1 869
1 5815
2 869
1 1382
0 9451
0 5361
0 3037
0 5861
1 5981
2 408
2 862
0 3293
0 6628
1 7708
0 6942
2 199
1 7466
0 8500
1 6487
0 3332
1 5950
1 1633
1 2880
1 2293
1 2854
2 544
2 32
0 751
2 587
2 646
2 868
2 968
2 897
1 5014
0 769
2 410
0 3391
1 8411
0 9587
0 7836
2 343
0 6620
2 837
2 341
0 8534
0 9764
1 4697
2 606
1 335
2 549
0 2132
0 529
1 1690
2 814
1 2349
1 6422
2 196
0 2255
0 6766
0 936
1 8260
1 5220
1 9204
0 2983
2 872
1 6997
1 7127
0 2728
2 917
2 279
2 956
1 3660
1 8616
1 8223
2 429
1 7035
0 2563
1 1862
1 9895
1 7660
2 237
1 2173
2 488
1 4673
0 8481
0 1929
2 304
0 2280
1 4209
1 9747
1 2366
0 3759
2 174
2 940
0 3171
0 2958
1 4422
2 775
0 9090
2 607
2 260
2 832
2 994
1 12
2 380
2 535
2 289
2 15
1 1090
1 2626
0 2973
1 8865
1 3421
1 9409
2 540
1 2786
0 9833
1 6356
1 4410
0 6631
2 612
1 3446
1 7458
2 1
0 3165
0 1867
2 92
0 6238
2 370
0 9562
1 3832
2 346
0 9807
2 249
1 2538
0 5139
1 7470
0 392
0 8542
2 253
0 5743
2 55
1 1485
1 3720
1 5140
2 64
2 198
2 169
1 6630
0 5063
2 332
2 53
1 1492
2 842
1 7685
1 8094
2 170
1 2802
2 178
1 1087
0 6157
1 8602
1 8548
0 8986
0 840
0 7051
1 6956
0 7654
2 487
1 8482
0 6088
0 2337
1 5220
0 3694
2 801
0 282
2 286
1 5015
0 1884
1 9299
1 754
1 3236
0 292
2 615
1 6023
0 7721
2 756
1 6260
0 7902
0 6147
0 1089
1 6439
0 8017
0 5375
1 4511
1 8978
1 7377
1 2976
1 2161
1 2833
2 12
1 2999
1 3316
1 6839
0 5567
2 348
1 5767
0 6966
0 435
2 3
0 9719
0 212
2 393
2 111
1 8674
0 631
0 7208
2 285
2 924
1 4447
1 2676
1 4169
1 563
0 4931
2 618
0 2297
2 668
2 299
1 8401
0 3069
0 4416
0 8582
1 3682
0 8502
2 112
1 6790
2 723
1 4946
0 8447
2 150
0 7549
2 52
1 9013
1 7563
2 399
2 719
1 7036
0 6384
0 7209
1 2700
2 53
1 4835
1 450
1 1926
0 2362
2 987
2 357
0 6853
0 6634
1 2711
1 4105
0 1736
1 2034
2 456
2 571
2 663
0 3107
1 376
1 7601
1 5160
2 208
2 622
2 179
0 958
0 6554
2 540
0 9927
1 1801
2 796
1 260
1 6335
2 263
0 4712
2 935
0 1662
1 8628
1 9551
2 211
0 641
0 2481
2 309
0 7854
1 7736
2 768
0 8726
1 5733
0 1187
1 857
0 7724
2 456
2 472
1 5834
1 4401
1 8325
2 736
2 858
2 504
1 9826
0 8803
2 484
2 815
2 164
2 529
0 7946
2 906
1 5104
0 8408
2 76
2 523
0 555
2 625
2 941
2 829
2 43
0 9448
0 3681
0 2200
0 9651
0 7834
2 956
0 9164
1 7043
1 1955
0 6733
2 325
2 249
2 913
1 3510
1 3846
1 875
1 1924
1 7250
0 9885
1 4319
2 355
2 732
0 4896
1 6644
0 8530
1 6746
0 3370
1 7645
1 3852
2 628
2 780
1 7344
0 4421
1 207
2 420
0 4729
2 475
1 3179
2 277
2 921
2 590
0 9440
2 790
0 4485
1 946
1 5804
0 637
0 4833
1 448
0 2069
1 2271
0 5108
1 1556
2 938
0 4462
1 1983
2 725
1 2345
1 4861
1 5972
2 665
2 91
0 7630
2 505
0 7137
1 9078
2 662
2 914
2 882
2 886
1 9833
2 635
2 862
1 1310
1 4589
2 564
0 5412
2 489
0 2300
2 112
0 3428
2 154
0 737
0 8241
2 192
2 555
0 658
0 1554
0 3319
2 911
2 649
1 5506
0 1318
1 1305
0 6701
1 2111
2 532
1 186
1 7055
1 4683
1 4589
2 708
0 4853
0 880
2 421
1 8784
1 1114
2 532
1 1042
0 5107
0 1761
1 4225
1 7231
0 2210
2 189
2 961
1 3483
1 8082
0 8053
1 9213
2 531
2 568
0 8641
0 1564
2 763
2 13
1 242
0 5545
2 782
1 4463
2 100
0 8906
0 3491
2 917
1 8656
2 16
0 2738
1 3102
0 6848
0 3766
0 4042
1 2942
1 959
0 4461
0 2596
0 1206
0 9356
0 4435
1 3454
1 744
1 4702
2 243
0 9451
1 5171
1 2904
2 348
1 5539
0 7582
2 127
1 7986
2 731
2 381
1 5657
1 5875
1 8215
1 3925
1 3877
0 6709
1 4595
0 2331
0 3522
2 444
1 4956
2 826
0 424
1 6448
1 1794
1 772
0 4872
0 9267
0 9619
2 870
2 225
1 9528
2 635
0 4350
1 4031
1 1642
1 7177
0 1568
0 2508
1 1698
1 987
1 8107
0 5469
0 8003
0 3271
2 128
1 1186
2 237
1 9027
0 122
1 8226
0 8399
2 802
2 935
1 688
1 1187
1 6230
1 239
0 9372
1 9492
0 1306
0 4522
2 794
2 638
2 997
2 638
0 4626
1 9958
1 7458
0 3181
0 9428
0 6174
2 1
2 6
2 465
2 473
2 33
2 116
1 2507
0 7964
1 4055
2 703
0 1842
1 7683
0 5368
2 744
0 7937
0 3159
2 638
1 42
0 2775
1 9710
1 386
2 409
0 8417
0 1728
0 9117
2 385
2 846
1 259
1 5109
0 1335
0 4030
2 370
1 7716
0 7813
1 4874
0 6306
0 8394
2 450
1 8817
1 8339
2 135
1 8893
2 644
1 5
1 5913
0 7302
1 2187
0 361
1 1101
0 6748
1 2050
2 393
2 980
1 6311
0 4680
1 2912
1 9552
2 220
0 3661
1 250
1 6252
1 5871
1 8557
2 104
0 7111
0 8337
2 355
1 8661
2 707
1 8342
0 2326
1 4139
2 576
2 422
0 4902
2 170
1 8380
0 5946
0 160
0 9300
1 1142
0 5488
0 2619
0 4412
2 182
2 144
1 360
0 2382
0 1929
0 1902
0 3786
2 433
0 7534
0 1809
2 363
1 7669
2 145
1 2173
1 3658
1 3764
1 9339
2 598
0 3503
2 217
2 132
2 496
0 4037
1 3633
0 2292
2 561
1 9255
0 3400
1 9147
0 4777
2 215
1 992
0 6457
1 3902
0 5347
2 174
1 2861
0 4492
0 2368
2 482
2 627
1 3287
1 2780
1 2586
2 861
1 7436
0 8609
2 497
1 1759
2 502
1 7660
2 648
0 9835
2 12
1 8158
0 3215
2 808
0 2661
2 954
2 550
2 896
1 1631
2 771
2 263
1 8187
1 2934
0 7140
2 907
0 9451
2 188
2 49
1 8392
1 7953
1 5802
2 265
2 835
2 59
0 5538
1 2944
2 48
1 8545
2 603
2 554
0 5365
2 65
2 260
1 8697
0 6083
1 8403
0 6850
2 589
1 9021
1 5191
0 7495
2 543
2 832
0 7757
1 8726
2 946
1 4650
1 7690
1 7622
0 958
2 939
2 829
2 676
0 7797
2 337
1 3053
2 382
0 1558
1 1533
2 651
0 8970
1 4350
2 880
2 358
0 4780
1 2831
2 389
0 6763
0 8019
1 5512
2 25
1 4969
0 9762
1 2587
1 2196
0 1554
0 4129
0 1138
0 4296
2 205
1 5608
1 9600
1 8718
0 2878
2 362
2 83
2 330
1 4317
1 8685
1 7069
1 8707
1 8399
0 879
2 211
1 607
0 6956
2 541
0 2074
1 1976
1 7219
2 604
1 5839
0 212
0 5128
0 9765
1 6130
2 717
1 7661
2 41
1 2283
2 665
2 994
2 485
1 2551
0 6026
1 8784
1 530
2 777
1 7484
1 5991
1 7809
1 2074
1 3002
0 5737
0 5866
1 3501
1 3611
2 94
2 816
0 1643
1 2322
0 2617
0 4107
2 629
0 6008
2 519
0 762
2 515
0 3354
1 6240
2 525
1 4446
2 953
2 3
2 158
1 8250
2 481
1 9467
2 761
0 6865
1 4406
1 7441
1 9325
0 7988
0 9831
0 8251
0 3969
2 31
0 791
1 3916
2 838
1 8995
2 938
1 8473
2 57
0 6977
2 739
2 285
2 336
2 210
1 1425
0 4635
2 940
2 160
0 1653
0 5281
1 4039
1 9591
0 9091
0 3130
2 975
2 736
0 4526
0 6577
0 7415
1 7433
1 5389
1 6939
0 3370
1 7694
2 677
0 1414
1 3604
2 693
0 5421
2 506
2 17
2 868
0 8999
2 529
1 3938
0 7958
0 7502
1 6825
1 6146
2 224
2 384
1 77
2 101
2 649
2 343
1 1616
1 349
2 102
1 1905
0 8466
1 1751
1 7875
1 4026
0 2830
2 192
1 3088
1 1443
0 9576
2 288
0 8901
2 399
1 6289
1 3518
2 639
1 6332
1 7620
2 764
1 6392
2 290
1 4543
0 7004
2 695
2 350
0 908
2 530
1 9062
0 3032
2 634
1 5366
1 8326
1 3958
2 883
0 498
2 596
0 804
0 4576
0 847
0 6255
0 7108
0 736
2 967
0 4415
1 7854
1 5612
0 6210
0 1270
1 8941
2 447
0 1689
0 9189
2 730
1 6653
1 4347
2 885
0 6423
0 6572
0 2092
1 5162
0 4454
0 9519
2 376
0 7184
0 7249
0 8501
2 844
0 7783
0 512
2 660
0 3696
0 9019
2 775
0 8924
1 2930
0 6143
2 756
1 752
0 2803
0 396
1 2296
2 169
1 9292
2 919
2 661
2 736
0 322
1 3137
1 1977
0 4271
0 2500
0 4996
0 8780
2 140
2 3
2 434
0 7046
2 943
1 8216
1 8846
1 3492
0 7851
2 895
0 8241
1 5753
0 2190
0 5630
2 467
0 9287
1 8697
1 4221
1 1660
2 177
1 310
0 2424
2 752
2 807
1 6083
2 272
0 4309
0 3188
0 3080
1 38
2 593
0 176
2 865
0 371
2 837
1 457
1 8491
2 54
2 150
0 7753
0 1996
1 8263
2 165
2 915
0 9326
2 883
0 8520
1 2592
2 976
1 6538
2 146
2 316
1 2582
2 232
0 5027
2 437
2 325
2 332
2 314
2 599
2 803
0 4082
0 196
1 6428
2 963
0 4443
0 2667
2 376
1 370
2 203
0 8875
1 2420
0 1756
2 339
2 93
1 7374
0 6929
1 8228
0 8131
0 3435
2 667
1 1577
0 8190
2 94
1 4132
0 310
1 5751
2 149
1 7536
2 240
2 698
2 14
1 7591
2 739
0 5738
2 619
2 141
0 8116
0 9465
0 868
0 4753
0 2956
1 6614
0 715
2 839
1 8976
0 5611
1 2008
0 3855
1 5277
2 658
2 201
0 5601
0 306
1 5542
0 1367
2 235
2 350
0 1477
0 9469
0 3694
2 796
1 3924
2 886
2 572
1 3725
0 1964
2 301
2 221
1 8984
1 4495
2 75
0 1027
1 8520
1 4831
2 508
1 2788
1 4183
0 9370
1 4491
0 3532
2 646
2 30
1 3063
0 9154
2 298
2 875
1 3202
2 70
2 498
0 6065
2 41
1 9468
2 191
1 3989
1 2992
1 7329
1 9370
1 5291
2 285
1 3537
0 799
1 2280
1 4771
2 842
2 122
2 618
2 605
1 8929
2 719
2 708
0 3143
0 2347
2 839
0 4003
0 4788
2 979
0 6181
2 594
0 4112
0 7063
1 1567
2 331
1 5246
1 8289
1 1514
0 5327
1 6130
1 9875
0 1666
1 8480
1 7771
2 204
0 9403
2 125
0 5056
2 884
0 7917
2 694
0 758
1 1953
1 3307
0 9633
2 130
1 3017
1 6092
2 942
0 2475
2 687
0 2157
1 1745
2 915
1 6541
2 545
2 658
1 1424
2 119
2 217
0 6872
0 3038
0 2806
1 4091
1 2050
2 640
2 114
0 9755
0 8484
1 6189
0 5979
0 1216
1 4215
1 7455
2 7
2 258
0 5811
2 589
1 3810
0 3556
0 9257
2 748
1 1235
1 6003
0 6149
1 7450
1 3840
0 7397
1 4011
0 9815
0 7184
2 9
0 727
2 431
1 5974
2 310
1 4190
2 834
1 7828
0 4201
1 2888
0 8810
1 3022
1 1136
0 3764
0 177
0 6055
2 664
2 625
2 767
2 883
1 168
0 1361
1 7509
1 5557
2 951
0 6066
0 7878
2 724
0 8825
1 2669
2 465
0 5625
2 550
1 2269
0 469
1 304
1 3190
2 185
0 7207
1 8762
2 220
1 7760
2 26
2 545
2 871
0 800
2 684
2 102
1 4662
0 8235
1 7106
0 2120
0 6557
0 3700
0 7732
1 3195
2 364
0 6375
1 5013
2 206
2 630
1 3446
0 5638
1 4554
2 47
1 5431
2 768
1 579
1 4227
0 707
1 3094
2 460
2 391
0 9703
2 550
1 5356
2 97
0 4010
2 597
1 6914
1 1353
0 380
0 8954
1 5978
1 5238
0 7845
1 9644
2 777
2 612
1 8837
0 5591
1 6149
0 5700
0 9532
0 8723
2 812
2 149
2 181
2 582
1 6336
2 718
1 2095
2 933
1 6737
1 48
2 980
2 247
1 4909
2 246
2 620
1 3593
1 319
2 554
1 8245
2 263
1 8777
2 511
2 934
1 7092
0 2612
2 436
0 9131
0 1070
1 7715
2 118
0 7423
0 957
1 6221
0 2582
1 4222
0 1752
0 4089
2 387
0 4018
0 2227
1 4455
0 1749
1 6134
2 668
1 2704
2 47
1 2649
0 4223
0 639
2 239
2 472
1 4213
0 7364
1 4956
1 1752
1 717
2 648
2 885
1 5286
2 916
1 3403
1 4471
0 3778
0 3978
0 4555
1 9279
1 6868
0 799
1 4282
2 831
0 9291
0 8594
2 420
2 108
2 933
1 3837
1 2604
2 148
2 605
1 800
0 8191
0 6246
1 6276
0 1996
0 9153
0 2945
2 205
2 56
1 1688
2 210
0 4619
0 6456
1 6958
2 360
2 611
2 998
0 3541
2 207
2 962
1 6728
1 737
2 357
0 7565
2 540
0 8505
1 6624
2 616
2 34
1 3731
2 249
1 1063
0 510
0 5058
1 775
1 9358
2 346
2 352
0 5593
2 753
0 6699
1 1224
0 5518
1 9109
2 322
1 2523
0 9041
1 4551
1 896
1 1191
1 4294
0 1878
2 699
2 115
0 2853
0 6296
0 3789
0 1933
0 7618
1 7877
0 6586
0 2916
2 669
2 788
0 3428
1 8315
1 5975
1 1834
2 830
1 1914
0 734
1 3415
0 8435
2 18
2 909
2 689
0 4813
0 4011
1 3631
0 8149
1 7320
2 113
1 9361
2 262
1 5012
0 5177
1 5449
0 6621
0 6645
2 993
1 1216
2 412
1 9349
2 659
0 6381
0 6391
2 390
0 9701
2 684
2 728
1 9559
1 310
2 376
0 5244
0 87
0 8849
1 4718
2 638
2 381
0 3399
2 406
0 2951
0 3669
2 759
1 7677
2 507
2 370
0 4949
0 8673
0 4218
2 172
1 9120
0 5096
2 686
0 4839
2 180
2 640
0 9589
1 114
1 3297
1 4774
2 138
2 11
2 228
0 2876
2 25
1 8627
2 740
0 1236
0 5336
1 7236
1 7687
1 4604
0 73
1 7166
2 886
0 4451
1 6766
0 9278
2 606
2 826
0 3111
1 8399
0 3316
0 1132
0 8414
1 8499
1 8365
1 9730
0 526
2 86
0 8837
2 233
0 2589
1 1008
1 123
2 767
0 5215
0 6451
0 8415
1 9888
1 8656
1 9282
0 4194
0 8165
0 5909
2 46
0 7051
1 6701
0 768
2 464
2 603
2 682
1 1103
0 2486
2 721
0 2699
0 3465
1 9246
1 994
0 2381
0 9145
2 435
2 199
2 218
1 1468
0 6358
2 551
0 1459
2 646
2 248
0 2672
0 5907
1 3515
2 15
0 8916
2 776
1 8078
2 61
1 9524
0 9189
2 963
2 120
0 8735
2 446
1 2958
1 1590
2 483
0 8121
0 2650
2 555
2 350
0 2331
0 8145
0 8010
2 574
0 1365
1 9100
1 9574
2 522
2 574
1 3683
0 168
2 482
2 956
0 9264
2 174
2 114
1 707
0 7022
0 3315
0 5917
0 7193
0 7247
2 920
0 7155
2 336
0 8632
0 2056
1 878
0 3645
2 944
2 926
1 5827
1 9889
1 8689
2 831
0 7886
0 2328
1 8630
0 6664
2 918
0 2977
2 626
2 763
1 5709
1 3637
1 3022
2 210
0 9226
2 805
0 1548
0 5226
2 458
0 7271
2 179
1 5351
2 666
2 514
2 606
0 6426
1 404
0 3281
1 9317
1 8628
1 78
2 281
0 2104
0 7412
0 8296
0 6252
2 767
0 3770
1 6284
0 7274
2 804
0 6829
0 116
1 8229
2 819
0 4329
0 9888
2 625
0 1530
1 5031
1 7405
2 261
2 924
0 9423
0 1659
2 693
2 310
1 859
1 6575
0 5357
2 594
1 9401
1 9531
1 530
0 5673
1 3591
2 319
0 8159
2 530
2 66
1 6984
0 9373
2 771
1 6009
0 5673
2 541
0 3757
1 6508
0 468
2 70
0 8953
2 192
2 955
2 729
0 4018
1 4532
2 190
0 7441
0 6842
2 25
1 7521
2 683
1 6832
2 91
0 385
2 614
0 4967
1 7841
0 4506
2 574
1 9445
1 5879
1 6885
2 367
1 9474
2 259
1 5953
0 977
1 9130
1 2789
1 2570
0 5205
1 9709
1 8417
0 884
1 9091
1 7140
0 740
0 7346
0 4105
2 105
0 168
2 248
1 2498
1 5745
0 7481
1 6927
2 220
0 4788
0 7203
2 748
0 5057
2 396
2 865
2 656
2 448
1 5811
0 983
1 8507
0 2613
1 5122
0 8920
0 5484
0 5037
1 4453
2 229
2 123
2 292
1 3151
2 922
0 7038
0 3693
2 742
1 3849
2 451
2 289
0 2909
2 438
1 5643
1 5018
1 4366
0 4741
1 1021
0 9868
2 194
1 6595
2 551
0 8182
1 7668
2 523
1 1198
1 867
2 263
0 5206
1 1027
2 473
0 3891
2 370
1 3487
2 178
0 5371
2 76
2 137
1 181
1 3678
1 279
0 6239
0 5336
2 275
0 7161
0 7119
1 1877
1 4069
2 862
2 185
2 568
1 1504
1 4465
1 1743
2 98
0 6411
1 6650
1 8759
1 1529
0 5233
2 799
0 9639
0 2418
0 8156
0 3968
2 416
1 9943
0 2458
0 4901
0 1759
0 2327
0 9846
0 3524
1 19
0 6468
2 644
0 6660
2 68
0 2501
1 6476
2 791
0 8830
1 2663
1 4967
1 8194
0 6151
1 7600
0 2202
0 4602
1 2531
1 178
1 8236
1 1420
0 5917
0 470
0 6743
1 5740
0 8940
2 956
2 232
2 333
2 98
0 820
2 841
1 8112
2 919
1 9927
0 1481
1 9060
0 7973
0 2496
2 61
1 2993
2 299
2 616
0 3023
2 648
1 3149
2 989
1 5435
0 2512
2 265
1 4768
0 2843
0 4238
1 9710
1 8236
1 1323
1 6234
0 6493
0 5979
2 826
0 9877
1 6128
0 9327
0 4140
0 8898
0 631
0 3634
2 749
2 64
0 959
0 3884
0 2812
2 294
1 8872
1 5173
0 4100
0 1246
2 753
1 4495
0 8766
0 7522
0 7060
2 922
2 538
0 4466
0 1449
1 1326
1 1172
1 6270
1 2260
0 3528
1 5550
1 2940
1 8053
1 1104
2 718
0 2568
0 6136
2 785
2 436
0 6914
2 337
2 912
2 522
1 941
2 589
0 192
1 1948
2 452
1 3271
2 317
2 696
2 739
1 3885
2 367
2 27
2 676
1 5181
2 454
1 3996
2 58
1 2657
2 134
2 26
0 959
2 56
0 6687
0 6224
2 333
2 203
0 4710
0 7596
1 2307
0 72
2 223
0 5037
0 3964
0 9948
0 8652
2 753
0 6445
0 94
0 1975
2 992
0 6429
2 866
0 620
2 531
2 174
0 6129
2 581
1 3150
2 886
0 5083
0 9659
1 3476
0 3415
0 1940
2 624
1 3403
1 3819
2 286
0 4687
1 3718
2 992
2 676
0 7367
2 186
0 9363
0 6446
2 227
2 147
2 619
2 378
1 1632
2 781
1 5609
0 6242
1 5218
0 3081
2 251
1 3590
1 6110
0 8812
0 5113
2 84
0 7884
1 5776
1 8449
2 287
2 944
2 188
0 4073
1 5353
2 79
2 714
2 98
2 953
1 2541
2 527
1 9957
0 1391
0 1148
0 8275
0 9429
0 9679
1 893
2 28
0 2394
2 425
2 677
2 648
0 4833
2 120
0 723
0 7732
0 8943
2 122
0 2643
0 2394
0 9706
1 3654
1 6341
1 5565
1 5930
1 1921
0 3924
0 3169
0 7138
0 8835
1 7198
2 124
0 2043
0 5290
2 102
2 946
2 610
2 768
1 7057
0 1187
2 577
0 8398
2 422
2 116
0 2292
0 5575
2 291
1 4689
2 834
1 5998
0 4015
2 646
1 4932
1 8927
2 374
0 7681
0 5927
1 8280
2 35
0 7863
1 2141
0 1190
1 9315
1 6368
2 221
0 3390
1 4180
1 2701
1 3998
2 745
2 444
2 632
0 3917
1 6876
2 40
2 961
0 882
1 303
0 3036
2 421
1 1741
1 4175
2 380
1 7737
0 1209
0 8254
0 6677
2 238
1 5540
2 756
1 352
1 7540
1 691
1 4136
0 867
0 5325
1 8654
2 123
2 908
2 661
1 514
0 2299
1 2154
0 491
1 3942
0 6340
1 7944
1 4585
1 8075
1 8714
1 9773
1 4255
0 6243
2 723
0 4460
1 1965
0 1426
1 4871
2 894
0 1275
2 977
0 6240
2 784
0 2703
1 5898
0 1217
0 8160
2 680
2 731
1 6078
1 4246
0 9452
0 8660
2 925
0 6037
2 320
1 847
0 6229
1 266
1 7320
2 305
2 453
0 6713
0 8320
1 5381
0 8504
0 5147
2 165
1 8632
2 776
0 489
1 6831
1 409
2 273
2 469
0 9543
0 4944
0 1668
2 542
1 2036
2 709
0 3136
2 849
2 239
2 839
2 815
1 1133
0 2926
2 439
0 4921
2 206
2 319
1 4898
0 5020
0 1201
2 382
2 394
0 531
2 445
0 2277
2 944
1 4444
1 1760
0 4825
2 303
2 524
0 6914
1 4811
2 965
1 8485
1 3239
1 5496
0 5632
0 2336
1 1661
0 5648
2 139
1 4391
1 3815
2 930
1 1667
0 4647
0 5690
0 6746
0 5642
1 8896
1 251
0 8773
0 3124
2 867
2 207
2 224
2 77
1 6618
0 8558
0 4136
1 3177
0 5160
0 4594
1 6912
2 984
1 5469
0 6552
2 868
0 1703
2 716
2 803
0 3595
0 8754
2 974
0 2489
1 7539
0 9018
0 885
2 730
1 200
2 995
2 994
2 626
0 8891
0 2341
0 4449
0 8175
0 5537
1 4610
2 424
2 186
0 9117
1 7184
2 85
0 504
0 4350
1 3073
2 967
1 5634
0 3656
2 732
2 470
0 2502
2 878
2 187
1 4211
1 7513
2 98
0 2386
2 189
0 9240
0 6056
0 6897
1 8002
1 7002
1 6858
0 6116
1 2538
2 180
2 573
0 702
0 6482
1 2325
2 926
1 5657
1 306
1 7406
2 991
0 8446
2 953
1 9576
0 2482
0 4310
0 7015
1 6343
0 8851
1 1743
2 526
0 2801
0 1485
0 2039
0 2412
2 815
0 6452
1 244
2 840
1 5090
1 4570
2 225
2 186
2 68
1 1996
2 605
1 9200
0 4488
0 6367
1 2476
1 8676
1 7458
2 993
2 382
0 228
2 192
0 8313
1 2735
0 5478
1 898
2 855
2 743
2 850
0 4787
2 115
1 5
2 59
1 1314
0 1519
2 521
2 404
1 9249
1 4020
0 8894
1 1755
1 3325
2 944
2 440
1 5392
2 553
0 9162
1 2734
1 5703
0 6644
0 5537
1 1673
1 1707
2 465
2 925
2 522
2 604
2 402
1 5666
2 614
1 330
0 3959
0 9913
2 560
2 709
1 9191
2 681
0 8569
0 4491
1 603
2 311
0 1116
2 708
2 100
0 9924
2 16
1 1521
1 6098
0 7165
1 7051
0 302
1 3242
1 9810
1 1994
0 7736
1 4403
0 4778
2 272
1 7012
0 965
1 3568
2 354
1 1597
2 287
1 7694
2 937
2 522
0 1467
1 7130
1 2041
1 2410
1 8425
2 831
1 5403
0 7569
2 226
2 19
2 893
2 180
2 326
1 4440
0 3844
1 1600
0 7405
2 512
1 6300
0 2244
2 107
1 8574
1 5890
2 190
1 9986
1 6669
2 659
2 707
0 7965
1 8845
2 388
2 712
0 1880
2 709
0 2487
2 561
1 6249
1 2747
0 6681
2 935
0 9456
1 1937
2 449
1 5915
1 3238
1 4267
2 155
0 1123
0 2692
2 797
1 256
0 5096
0 4120
2 770
2 519
0 3820
2 307
0 7062
2 477
2 637
0 4090
2 784
0 1088
0 1793
1 9884
0 8961
1 9700
1 5702
2 460
0 7325
0 459
2 80
1 6902
0 7454
2 720
0 8741
0 7178
0 9645
0 8250
0 2048
0 7555
1 978
0 7770
2 378
1 6437
2 852
1 8603
0 3135
0 3562
1 9885
0 7125
2 475
1 1560
2 892
1 5842
0 4296
0 4683
0 7005
2 830
1 4828
2 459
1 7994
0 9048
2 505
1 8071
0 6078
0 6273
0 5852
1 1593
2 399
2 209
1 3537
0 6271
2 923
0 4032
2 567
1 123
1 8180
0 7504
1 4487
0 884
0 7124
0 4107
1 1342
1 4103
1 5840
0 6335
2 298
1 6271
1 3538
0 8980
2 163
2 559
0 980
1 5758
1 5022
2 508
1 6503
0 1475
0 7600
2 588
2 813
2 916
2 118
0 6029
1 4800
1 286
2 46
1 8957
0 5323
1 9617
0 4061
0 5196
1 253
0 4762
0 8602
1 3997
2 922
1 548
2 766
1 1478
1 7939
0 5252
1 345
0 2555
0 5277
0 8717
1 9582
0 6255
2 693
2 39
2 801
2 497
0 259
2 400
0 8455
2 673
2 994
2 750
2 890
0 2314
0 4936
0 6221
2 129
2 705
2 619
1 6480
1 894
0 4164
1 3335
2 542
0 6351
1 4536
2 320
2 294
2 845
1 5344
0 8996
0 610
0 6746
2 123
0 7820
0 9864
2 552
0 6219
2 854
2 335
1 2864
1 3904
0 9928
0 885
2 481
1 4472
2 414
0 3160
1 9101
1 6542
0 4810
0 8339
0 436
0 1894
0 5260
0 2939
2 948
0 548
0 6398
1 499
1 4016
0 7728
1 6406
1 5410
1 1634
2 513
1 4712
2 948
0 735
2 318
2 297
0 471
2 932
0 8226
2 880
2 328
2 4
2 733
0 4606
1 8314
2 740
2 538
0 3272
1 6321
1 6246
2 635
0 1989
0 8032
1 4197
0 9737
1 4984
1 8529
0 3093
2 784
2 132
1 292
2 960
2 354
1 6903
2 323
2 573
1 5074
1 9117
1 1735
1 9366
0 9022
1 7199
2 208
0 9771
1 7991
2 243
2 616
1 6668
0 1264
2 593
0 9426
1 3141
2 573
2 760
0 1925
2 894
0 4028
2 485
1 6435
0 2396
2 571
1 5414
2 322
1 7948
0 8358
1 8040
0 1902
1 2285
0 9792
1 5111
0 9570
1 9016
2 290
2 606
1 4840
2 646
0 9646
1 8786
1 6668
1 59
1 3323
1 9163
1 5633
2 286
1 7693
2 349
2 838
2 721
0 2731
0 3328
1 4445
0 4476
2 803
0 9664
1 9053
0 2429
1 527
0 3953
2 939
2 429
1 1147
1 701
2 665
0 3521
2 754
1 9656
0 6645
2 878
0 6451
2 843
0 879
1 4232
1 8804
0 270
0 5004
2 163
0 8699
1 8386
2 295
2 378
2 510
1 5197
1 279
1 5486
2 878
2 493
0 1128
0 3776
0 7358
2 83
0 4960
0 7570
1 3865
1 8064
1 4216
1 27
0 7996
1 3785
1 1912
1 7711
2 954
1 3070
1 8174
2 330
2 724
0 6951
1 5666
0 8569
0 6829
1 2704
1 4835
1 6724
2 430
1 3811
0 6132
1 3273
2 687
0 2692
2 954
2 328
2 284
1 8994
1 1112
1 4389
0 548
1 5339
2 617
2 91
0 5276
0 3059
2 895
2 708
0 9027
0 3589
1 8475
1 1710
0 3468
2 617
1 972
1 5226
1 4007
0 9608
1 5333
0 7023
2 431
0 8370
1 2766
1 1809
2 793
1 3067
1 8628
1 4072
1 8187
1 9381
1 7159
1 3384
0 7876
2 135
1 6224
0 171
1 8456
0 161
0 3049
2 207
0 3721
2 373
0 2621
1 797
2 440
2 996
0 7489
1 2731
2 269
2 492
1 8809
0 2164
2 269
2 119
1 7000
2 672
1 1107
2 942
0 974
1 4537
2 310
1 3296
2 56
2 595
1 6461
0 4885
0 8688
2 524
0 2080
1 7129
0 2400
1 6154
2 337
2 723
1 2148
2 607
0 2631
2 219
1 5400
2 280
2 174
2 983
1 7444
1 4518
2 786
2 495
1 8206
1 3768
0 3039
1 2276
0 9130
0 6791
2 772
2 765
2 984
0 4046
0 859
2 472
1 5311
2 418
2 723
1 9784
0 6600
1 9727
1 7260
2 753
0 6710
1 857
0 6012
1 269
1 1685
1 3793
0 4550
0 7199
1 4103
2 303
2 322
0 9491
0 9072
0 8516
1 7574
2 907
1 6722
2 142
1 4801
1 4942
1 2363
2 538
0 3600
0 6774
0 3017
2 174
1 5327
0 8762
2 45
2 708
2 967
2 502
1 2445
0 5486
1 4495
2 8
0 1867
1 123
1 7106
2 587
2 940
2 271
1 8865
1 1838
2 510
1 6413
1 1435
0 7536
1 4235
2 748
1 6155
1 1941
0 5737
1 6194
2 896
1 9319
1 6046
0 5809
0 9860
0 6939
1 2923
1 6103
0 1140
1 8239
1 9367
1 4106
2 963
2 989
0 4465
1 922
1 4513
0 4502
2 862
0 8174
1 4311
1 6157
0 4818
1 1593
2 860
0 7685
1 8256
1 9846
0 544
2 597
2 853
2 478
1 9838
2 996
1 5954
1 9654
2 960
0 7500
1 775
2 308
2 162
2 735
2 526
2 413
2 329
0 7171
1 9699
0 1237
2 760
2 70
2 204
1 173
0 8875
2 512
0 9470
1 5382
1 1686
1 7337
1 2635
2 546
2 792
2 46
2 730
0 9863
1 5608
0 1163
0 7281
2 835
0 1714
0 4863
0 4403
1 8636
2 568
1 5746
0 3794
2 695
1 6554
2 839
2 182
1 1462
0 5178
2 414
2 666
1 1320
1 2339
1 5916
0 2781
0 9184
2 687
1 9487
0 2496
0 1445
0 6559
0 9258
2 809
0 2166
1 6050
2 208
0 5159
0 3800
0 2294
1 6944
2 697
1 6243
0 3764
1 7229
2 852
0 1662
0 8513
1 9816
2 434
2 623
0 993
2 581
0 4431
2 635
1 5683
1 4504
1 2131
1 2861
0 2830
1 4859
2 511
0 9138
0 146
2 659
2 364
0 7590
1 3850
2 713
1 9372
0 7710
2 314
0 417
1 5665
1 3872
0 6073
0 6200
0 1606
1 1173
0 6996
2 259
0 3294
2 526
1 9944
0 8129
0 2249
2 342
2 440
1 3368
1 9828
0 4918
1 2324
0 7092
1 9161
1 5683
0 8734
0 6794
2 481
0 9172
0 7174
1 3134
1 9492
2 387
0 6760
2 667
0 7183
0 2489
0 5413
1 3438
0 6904
1 3437
1 104
2 766
2 135
2 873
2 684
2 65
2 843
2 929
1 8116
1 8136
0 257
1 4807
1 2911
0 2950
2 7
0 1806
1 9322
0 4154
1 9016
1 5552
1 4767
1 4903
0 731
0 4751
1 6509
2 49
1 6216
0 8789
1 6256
1 1647
0 7182
0 9207
0 9278
2 988
2 625
2 50
0 7993
0 6929
1 9605
0 275
0 7271
2 923
0 2431
2 531
1 8818
1 1367
2 677
0 5209
1 288
0 698
0 6879
2 26
0 6618
1 2652
1 5230
2 504
2 370
2 234
0 1353
0 1172
2 97
1 8876
1 9465
1 154
1 5530
1 9000
0 2059
1 6338
2 646
1 3956
2 191
1 550
1 5977
2 445
1 6903
1 206
2 87
2 563
1 9520
1 2793
0 2992
2 16
1 3767
2 643
1 1844
0 4636
0 5739
0 2085
0 4430
1 1752
0 4872
2 921
1 3745
0 8782
0 3340
0 1019
0 6074
1 7736
0 388
1 6428
1 910
1 2346
1 2604
1 1070
2 367
0 4719
0 7485
2 699
1 1486
2 719
0 3704
1 7512
2 210
1 5972
2 576
0 1076
2 981
0 6033
0 4205
0 5807
0 2630
0 2780
2 81
1 4049
1 5551
2 347
1 5818
1 1738
1 8942
2 676
0 2814
2 409
2 126
1 7757
0 9936
1 9704
1 443
2 538
0 8611
1 9907
0 3386
2 612
1 7079
1 9830
2 827
1 3437
0 793
1 6424
2 36
0 6586
2 409
1 5571
1 5128
1 5798
2 944
1 4254
1 1794
0 1092
0 940
0 1247
2 22
2 300
0 4921
2 578
1 9965
1 8292
2 501
2 860
2 387
0 229
0 9166
2 885
0 3915
2 618
1 7227
0 6773
2 482
1 4821
0 5563
2 773
1 5672
1 9592
2 259
1 3524
2 165
1 2498
2 94
2 178
1 4014
1 6064
2 811
2 504
2 261
0 9028
2 317
0 61
2 549
1 5878
2 690
0 7264
0 5860
0 5745
0 177
0 8011
2 820
2 178
1 3265
1 5605
0 3046
2 676
1 4101
2 141
2 918
1 4036
2 939
2 101
2 376
0 2059
2 64
2 813
2 49
1 7876
2 310
2 235
0 819
2 871
2 230
1 867
1 122
1 3933
0 8908
1 4776
0 1704
0 2972
2 961
0 254
2 373
1 6576
2 796
2 932
0 4398
0 6407
2 87
2 818
1 4882
2 686
1 7067
0 2818
0 1185
1 174
0 3249
1 9960
1 4910
1 6515
1 1815
2 436
0 6592
2 926
2 74
1 4817
2 592
1 2124
0 6035
2 81
1 7084
0 719
0 7773
0 18
2 356
0 1908
2 873
0 4300
2 974
0 5494
1 7369
1 5173
0 4702
0 8989
0 8591
1 4309
1 801
2 236
1 2060
1 7609
2 526
1 3714
2 849
0 5669
1 4283
2 777
0 7827
2 129
0 6598
0 9618
1 94
0 865
0 1660
2 217
0 1957
1 2051
0 2004
2 756
2 648
0 1430
1 753
2 877
2 850
1 3814
0 6706
1 295
1 64
1 400
2 709
1 1796
2 870
0 8974
1 5965
1 7559
1 6132
2 956
1 898
0 8170
2 475
1 4510
2 176
1 4617
2 866
0 9908
1 3943
2 751
0 8256
1 9716
2 303
2 302
0 5320
2 875
2 727
2 562
0 5258
1 3499
1 7643
0 5211
2 948
0 4777
1 9528
2 243
1 8777
0 8357
1 8481
0 3675
0 6671
2 2
1 9350
1 5985
1 8483
2 798
1 305
1 8790
0 7375
2 322
2 220
2 739
0 508
2 549
2 983
2 279
1 7953
2 680
2 116
2 461
2 133
1 2122
1 8506
0 1427
2 718
0 5489
2 935
0 3085
2 498
0 5207
0 4110
2 402
0 3515
1 2071
0 2675
2 67
2 199
2 564
1 6412
2 908
1 772
0 5695
1 3808
2 634
1 3716
1 6310
1 5905
0 2593
2 386
2 44
1 407
1 6898
1 269
1 5607
2 866
0 6630
2 197
0 5920
1 7457
0 7276
0 174
2 170
2 662
2 820
2 801
2 973
2 977
1 7179
0 1876
0 6723
2 18
1 6332
2 203
1 642
0 7223
2 701
1 7857
1 2532
1 5719
0 7673
0 9387
2 486
1 391
0 5554
1 7534
1 9161
2 833
1 6226
2 44
1 6208
2 113
0 7774
0 996
0 9828
0 7394
2 315
0 1261
1 2293
0 6418
1 6623
1 6477
1 8022
1 7630
1 5179
0 3821
0 8457
0 3666
0 308
1 9242
2 773
1 343
0 9770
0 5259
2 231
2 991
0 5630
1 1072
0 1201
0 605
1 9487
1 6824
2 573
2 687
1 5152
2 888
2 911
0 120
0 3540
0 7297
1 3409
1 1139
2 994
2 539
0 7267
1 235
2 678
0 1050
0 3901
0 4920
2 675
0 8288
0 9393
1 7452
1 6492
0 1489
1 4662
2 164
2 484
0 8466
0 9395
0 5213
0 8464
0 5047
2 689
1 7771
0 128
1 5871
2 717
2 151
0 4424
1 6270
0 1980
1 51
0 1309
0 5280
1 9923
0 9583
2 946
1 753
2 95
0 10
2 728
1 9656
1 1908
2 82
2 687
0 1772
0 7716
0 2023
0 6692
2 608
0 500
0 1355
1 6647
1 9023
0 3336
2 773
0 7619
2 778
2 490
1 2213
1 4764
2 698
2 216
0 1505
2 901
1 1820
0 5955
2 217
2 798
1 6552
1 6587
2 829
0 8027
0 86
2 375
2 741
2 263
0 996
2 610
2 0
2 279
0 984
1 7700
2 770
0 4362
1 3362
0 1244
0 1508
0 447
2 126
0 3894
2 906
1 5785
1 7679
0 5269
2 701
0 8557
2 951
0 7511
0 4648
0 4174
1 9175
2 237
1 3745
2 862
0 3372
1 40
0 5406
2 885
0 4071
1 3469
0 8538
0 1786
1 987
1 7971
0 7522
1 9997
1 267
1 3732
1 1544
2 172
0 7589
2 370
1 3942
1 8784
0 9392
2 180
0 6983
1 8686
2 923
0 9957
0 5155
2 980
0 8677
1 2139
0 2255
2 149
2 198
1 9192
2 681
1 6639
2 293
0 6845
0 8380
2 424
0 2190
1 727
1 504
0 5472
1 429
1 2107
2 417
2 523
0 1502
0 1137
1 5105
2 723
1 8921
1 4308
1 9613
2 762
0 2746
2 820
1 5237
2 513
2 399
2 740
2 719
1 3388
2 976
1 9720
2 865
1 5615
0 7390
2 758
2 482
0 1511
1 3551
0 9876
0 9745
2 715
1 8606
2 96
2 990
2 719
0 1586
0 7249
1 228
0 520
1 1844
0 7326
0 3303
2 694
0 1257
0 4698
0 8181
1 7445
0 9124
0 8940
0 1826
1 5056
2 941
1 5
0 4226
0 9962
1 4979
0 9090
1 8829
1 7840
2 920
2 744
1 7098
2 687
1 2356
1 5252
2 465
0 3946
0 1670
0 6414
0 830
1 1966
1 6369
0 6795
1 3440
1 1637
1 9877
1 2729
2 666
2 319
0 8124
2 320
1 1462
2 320
0 3809
2 538
1 8701
2 315
2 475
1 6622
2 93
2 718
0 7338
0 4138
1 2226
0 9384
1 2137
1 9486
1 2448
0 9435
1 5017
0 7249
0 2161
0 5141
2 305
1 1461
2 2
2 115
0 4918
1 4072
0 8977
0 200
2 875
1 7417
2 508
0 161
0 1667
1 170
0 517
2 344
1 3427
2 391
2 990
2 986
0 6704
1 4677
1 99
2 950
0 7267
0 2754
0 122
2 515
0 6678
2 832
0 3341
2 76
2 938
0 2923
0 6090
2 682
2 308
1 1180
1 9081
0 8384
2 759
1 1403
0 4053
1 2213
2 458
0 7927
1 1360
1 1048
0 9722
0 6386
0 3114
2 495
0 7414
1 5729
2 317
1 5548
0 5251
2 119
1 6214
2 638
0 292
0 5081
2 571
0 8747
0 2805
0 7600
2 104
1 4819
0 5050
0 7660
2 101
2 534
0 6512
2 827
2 629
2 987
1 8036
2 93
1 3794
0 5538
1 7523
0 5222
0 2050
0 3382
1 6941
2 802
2 425
0 6925
1 2606
1 6194
0 2567
1 8184
0 3738
1 4353
1 1514
1 483
2 573
1 7607
0 2098
1 7588
1 2032
1 9699
0 1686
1 6103
1 8175
1 9541
2 107
1 7697
1 3200
2 234
1 4645
0 104
1 1236
1 866
1 5053
0 8726
2 42
2 242
1 1401
0 2750
1 7177
2 302
0 6368
2 306
1 9123
2 63
0 940
0 6851
2 115
0 1863
0 2524
2 599
2 171
1 7755
2 695
2 540
1 9149
0 2382
1 5495
0 1439
0 3559
1 1091
0 5518
0 9381
2 836
1 9233
0 8186
1 6538
0 8
1 5728
2 115
2 744
1 2255
2 581
0 4327
0 8721
0 2036
0 8738
0 6810
0 579
0 5716
2 241
2 139
1 6510
1 9599
0 1069
2 607
2 105
2 739
0 2428
0 6833
0 9606
2 1
2 912
2 916
1 8354
1 5872
1 1490
1 6076
0 1378
2 659
1 2779
1 3664
2 369
0 9758
0 9128
1 3620
0 8164
2 978
1 6816
1 7000
2 653
1 2293
1 9198
0 6029
0 6750
1 5728
1 4337
0 6064
2 315
1 499
2 511
1 7367
2 46
2 57
2 515
2 880
2 950
1 9723
2 851
0 5629
1 1076
0 7502
2 710
0 9794
2 209
0 8888
1 765
2 49
0 2460
0 4854
1 1343
2 931
0 3804
2 589
1 1138
2 759
0 2884
1 331
1 5014
0 2945
2 677
0 668
2 79
2 146
0 8576
0 7221
2 903
0 3468
2 191
1 5158
1 893
2 797
1 550
2 646
0 4783
1 5375
2 759
1 5442
0 3554
2 799
1 5932
0 1105
2 810
1 7797
2 29
1 9430
2 841
0 7667
1 2062
0 7229
0 9902
0 4752
2 499
0 2245
0 9807
1 3387
2 816
2 705
2 541
1 2641
2 50
1 3247
0 2180
0 6936
2 775
2 744
0 9473
1 1510
2 509
0 5729
1 3054
1 3342
0 9960
1 7487
2 795
1 3791
1 4904
0 6435
0 656
0 7678
2 388
0 2419
0 16
1 4185
0 389
2 271
2 173
1 1014
1 2800
2 977
1 4981
1 5562
2 330
1 6969
0 1720
0 8728
2 247
0 5321
2 778
2 29
2 212
0 4317
1 9063
2 190
1 184
0 8966
0 7950
2 140
0 9229
1 1575
1 5724
0 9261
2 50
0 3386
1 6792
0 9162
1 6695
1 9126
2 151
2 397
0 9061
0 3215
1 172
2 462
2 569
1 6702
0 9205
2 596
2 689
1 704
0 9391
2 260
1 6049
1 4549
2 911
0 5613
1 4167
1 7890
2 979
1 92
2 141
0 3265
0 9109
0 3034
0 4938
0 9695
0 9956
2 311
1 6735
2 356
0 8895
1 6726
1 714
0 3753
1 3480
0 8711
0 6991
2 821
0 7561
0 8458
0 1341
2 588
2 950
2 730
0 3024
2 479
0 2757
1 1334
2 884
0 6688
1 1637
0 9922
2 372
2 743
2 574
2 649
2 39
0 4733
1 7731
2 250
0 5612
1 9027
0 1526
2 454
2 815
0 9046
1 2985
2 112
2 981
2 435
2 79
0 5339
1 9574
2 745
2 846
1 4413
1 3608
2 149
1 153
1 1857
2 363
1 799
1 6223
2 332
2 318
2 428
2 488
2 152
0 6052
2 446
2 528
0 1290
0 8673
2 673
0 5185
0 9836
1 5849
1 5432
0 1613
2 80
2 279
1 5125
1 1079
0 4841
1 1984
1 7997
2 454
1 8875
1 4780
1 4744
2 55
2 878
1 4272
0 4831
0 5679
2 703
0 7092
1 2508
1 7864
0 1655
0 3009
1 9826
2 164
0 3467
0 7018
0 2741
2 549
1 3984
2 844
0 2006
1 7160
2 894
0 251
2 512
1 1509
0 4316
2 278
2 477
2 554
2 355
0 9156
2 14
1 4174
1 7124
1 1998
1 6733
2 722
0 9763
0 9841
1 1945
1 8026
1 2221
1 3108
2 430
2 429
0 7574
0 4161
2 80
0 899
2 95
2 341
2 840
0 6068
0 4465
2 576
0 3612
1 5375
2 366
0 1884
2 984
0 5825
2 597
1 4190
0 4674
2 470
0 4338
1 2363
1 1455
1 3620
2 704
1 1386
1 5881
2 919
1 7949
2 750
0 7254
1 4266
1 6024
1 6357
0 3545
1 9026
0 8232
2 698
2 617
2 466
0 6338
2 22
2 916
0 8115
0 6855
2 396
2 166
2 4
1 6682
2 108
1 163
1 814
1 7857
1 4435
1 1099
0 3603
2 150
1 2361
0 2312
0 6831
1 5156
0 5980
1 9018
2 720
1 5123
0 4984
1 8413
2 3
1 6298
2 300
2 627
0 3891
0 3145
0 1141
1 9432
0 976
2 876
2 411
1 5681
0 2540
2 961
0 2443
0 9675
0 7007
1 9651
1 6075
0 2975
2 640
0 8922
1 4282
1 5515
1 5647
0 4919
1 1119
0 1079
2 410
0 1183
1 1434
0 1733
2 318
2 115
2 1
2 192
1 2958
2 395
1 5558
2 520
1 6458
1 964
1 3426
2 758
0 5446
0 6791
0 5982
0 8025
2 626
1 1130
0 6021
2 904
2 26
2 892
2 517
0 3379
1 6951
1 1918
2 273
1 616
0 4629
2 776
1 2283
0 2483
1 7682
0 7524
1 9377
0 1738
1 2271
1 1814
1 7490
0 8143
2 588
0 7522
1 9567
2 951
1 1897
0 1161
0 5786
1 5430
1 9961
2 622
2 587
1 5332
0 4978
2 465
0 2340
0 9614
1 9207
2 956
0 7979
2 932
1 9071
0 6761
2 48
0 7381
0 1497
1 6133
0 7925
1 8218
0 8612
0 8075
2 201
1 8237
2 753
0 6349
1 3230
0 8089
0 8862
0 9862
2 974
1 2489
1 851
1 1318
2 644
2 803
2 146
1 5060
2 14
0 7401
0 1096
2 953
2 212
0 9331
0 5183
0 3036
2 643
0 5230
0 500
2 241
0 8788
1 4697
2 925
0 75
2 305
1 3434
2 757
2 118
1 3306
1 3398
1 9705
2 612
2 831
1 9780
1 4253
1 8457
1 1697
0 5994
2 291
1 3062
1 6250
2 282
1 2174
2 623
1 4518
2 32
0 2423
1 6717
1 503
1 5899
0 7749
2 50
1 7512
1 6752
0 5269
2 909
0 2664
2 170
0 2279
2 667
1 3926
0 3724
2 614
0 7084
0 9643
1 4106
0 3693
0 3190
0 7456
0 4334
2 611
1 597
2 170
0 6316
2 658
2 713
0 2684
0 9567
2 765
1 8176
1 2339
1 1038
1 9594
0 9941
2 52
2 248
1 4059
1 8111
1 1726
1 6100
0 119
2 153
1 442
1 4335
1 4101
1 8091
2 385
1 5177
0 6062
2 684
1 5746
0 9571
1 2404
0 4625
1 4814
1 5147
1 6662
2 409
0 479
1 7902
0 3640
2 737
1 4179
1 935
2 402
0 3178
1 9813
2 227
0 3136
0 9051
0 329
2 288
1 3579
1 6799
1 1751
1 4990
2 339
2 923
1 1264
0 4171
2 700
2 775
2 645
0 5389
1 9633
0 7537
2 499
0 3305
0 3748
0 8980
1 1158
2 359
2 268
1 4839
0 2056
2 193
1 6360
1 5884
0 8779
0 8750
1 2066
2 107
0 3061
2 197
1 7193
1 5014
1 1282
0 5613
2 414
0 4270
1 5815
0 1616
2 860
2 769
0 5125
1 8502
0 5432
0 6952
2 667
2 800
1 2593
1 4919
1 4335
1 4195
1 3690
0 7384
1 7379
1 737
0 2852
1 6076
0 1220
0 7873
2 686
2 149
1 2812
2 10
1 5230
0 1985
0 8258
0 7102
1 998
2 415
0 3487
2 71
0 9674
0 7021
2 772
2 25
2 877
0 4475
2 395
0 3346
0 5950
1 7809
1 7863
0 2509
1 9398
0 7240
2 426
0 1928
0 1101
1 7539
2 654
2 976
2 224
1 3266
0 8818
1 8090
2 829
0 5329
2 716
2 502
1 7210
2 215
0 9273
1 1770
2 573
0 1904
0 9803
1 311
0 2263
0 4596
2 654
2 855
0 1291
1 7347
2 807
1 1368
0 3684
2 946
0 301
2 968
0 3249
1 7372
0 9609
0 1450
1 3965
2 200
1 1437
1 8047
1 798
2 753
1 4114
0 6860
0 5125
0 7107
2 391
0 517
0 4730
2 656
1 1926
1 8916
0 415
2 275
0 7840
2 93
0 2544
1 214
1 3723
1 808
0 9753
0 628
1 1058
0 3533
2 538
1 2831
2 82
1 5909
0 5377
0 9441
2 580
2 456
0 5195
0 1364
0 1849
1 4120
0 2792
1 1621
0 8597
0 2342
2 160
1 4002
0 5977
2 1
1 4923
0 924
2 253
2 179
0 6610
2 935
2 803
2 641
0 926
1 3731
0 5893
1 9861
2 395
1 2630
1 127
1 1283
0 1159
1 8486
2 39
0 4130
2 978
1 1818
2 331
2 134
0 8972
1 3762
1 7501
0 5069
1 190
1 1381
0 3049
0 4423
2 392
1 4255
1 9539
1 7682
2 822
0 9843
2 408
1 2124
2 261
0 4274
0 2213
1 7920
0 3394
2 177
1 1023
0 652
2 546
0 5627
1 5998
2 67
2 280
0 2107
0 8059
2 630
0 2822
2 714
1 6271
0 6496
2 342
1 2462
0 826
1 9395
0 726
2 764
1 4684
0 7297
2 519
1 7092
1 6341
0 278
0 323
1 3255
2 518
1 2612
2 437
0 9405
2 454
2 419
0 6527
0 8344
1 6513
0 1410
0 1398
0 1309
2 189
2 960
2 536
2 516
2 896
2 186
0 5557
0 1250
2 277
1 8069
2 999
2 686
2 840
0 4562
2 312
0 249
1 3812
2 359
0 9070
1 6074
1 5595
0 7731
0 5555
2 395
1 7133
0 3977
0 1141
2 998
2 181
2 570
1 3121
2 632
0 2163
0 6106
0 1380
0 5622
0 6468
2 83
2 503
1 6701
0 9514
0 5650
2 422
2 655
0 2882
1 985
1 921
2 293
2 992
2 702
2 392
1 984
0 2349
2 512
0 9306
0 2266
0 5205
1 2181
0 2605
1 1822
2 5
0 7842
2 281
0 6766
1 2524
1 398
2 278
1 9548
0 9550
2 157
1 9196
1 381
1 4465
1 182
2 400
0 8910
1 7516
2 138
2 23
0 3074
2 464
1 1914
0 1206
2 526
1 8836
0 2317
0 7044
2 513
2 796
2 128
1 28
0 2381
0 9650
0 7877
0 8278
1 8996
0 776
0 3061
1 8725
1 5443
1 1529
0 1945
0 3163
1 9138
2 510
0 9449
1 6967
1 2679
1 8304
2 285
0 4213
0 2212
0 9113
1 9676
2 360
1 8103
2 923
1 2762
2 348
1 6227
1 2322
2 7
0 210
2 861
0 6017
1 1449
2 602
0 1571
2 893
1 5677
1 2720
0 374
1 181
2 70
0 5036
2 495
0 8956
1 5705
0 4142
0 4033
0 8486
2 674
2 549
2 234
2 591
2 332
0 8155
2 693
0 9534
1 1056
1 916
2 463
1 3752
0 1743
0 7359
2 440
2 761
0 6705
0 2162
2 389
1 3426
0 9411
1 3610
2 262
0 337
1 4067
0 2397
0 3830
0 1744
1 395
1 7702
2 130
2 865
0 4773
2 341
0 1591
0 8580
1 1123
0 3703
2 533
0 129
0 7999
0 7159
0 8675
2 375
2 436
2 657
2 947
1 3669
0 8740
1 5616
2 662
2 403
2 638
1 7843
1 839
1 179
0 6850
0 668
0 6242
2 729
1 8584
0 2616
1 5449
1 8658
0 6070
2 357
0 4823
1 6790
2 806
2 563
0 5310
0 4093
1 9504
2 403
2 188
1 9053
0 1563
1 4883
2 66
1 3906
0 4168
0 2127
1 7805
2 655
2 625
2 747
1 4355
2 7
1 9035
0 5958
1 8156
1 7748
2 303
0 9436
1 6172
0 3128
1 3531
0 5685
2 687
0 9909
2 442
1 7399
0 5307
1 8994
2 429
2 161
2 631
1 4875
2 834
2 574
2 400
1 7566
1 485
0 5225
2 184
1 3196
0 8872
0 7757
0 7128
1 4873
1 8056
2 658
0 8560
0 6428
1 5767
2 413
0 1055
1 3662
1 1303
0 7957
2 37
0 2119
0 4454
0 9778
0 9331
1 9358
2 19
0 4465
2 374
2 202
2 307
2 563
0 4206
0 8370
0 4539
0 1358
1 3834
2 686
0 2409
2 622
0 3999
1 5481
0 4223
1 9310
1 840
2 748
0 189
1 742
1 5124
0 2609
0 8145
2 728
0 149
0 2971
0 7142
1 651
0 7478
0 8044
2 243
1 9671
1 7741
2 988
2 933
2 867
0 6095
1 6823
1 1606
2 892
0 4604
1 665
0 3791
0 9240
0 3801
2 932
1 7343
0 2208
2 885
1 9366
2 907
1 8991
1 5682
1 2116
0 6271
0 1747
1 9285
2 262
0 6434
0 699
0 1851
1 9172
0 5370
0 631
0 9827
0 8760
0 4393
0 6781
2 991
2 6
0 6289
1 7063
0 581
0 5004
0 4250
2 995
0 5726
0 4352
2 321
0 1672
2 768
1 8295
2 453
0 8506
1 326
2 699
0 6742
0 8543
2 644
0 7042
2 560
0 9500
0 8827
2 512
2 518
1 1428
0 3585
2 130
2 750
2 162
0 1086
0 798
1 9029
0 1504
2 559
1 8872
0 1895
0 5226
0 4928
0 9113
0 3507
2 569
0 6616
0 4270
2 950
1 8301
0 4521
1 4770
0 1144
2 172
2 752
2 428
0 1676
0 2847
2 621
1 3071
1 2501
0 9519
0 2106
1 9588
1 6041
0 8551
2 334
1 6817
2 229
1 1222
1 1850
2 194
0 7717
0 131
1 3106
2 271
2 831
2 742
1 2372
0 8384
0 1259
1 5327
2 296
2 543
0 3395
2 778
0 4870
1 8772
1 7233
1 5576
1 4811
2 865
1 6869
1 3551
1 5800
0 4006
2 157
1 4364
2 418
2 249
0 2815
0 2823
0 9076
2 297
1 3204
0 9353
1 6840
0 7495
1 6787
0 9303
1 5685
1 8703
2 534
1 4500
2 287
0 7108
0 3637
1 6075
2 423
0 5375
1 3957
1 8155
1 5436
0 7210
0 3048
2 386
1 2527
1 8698
0 5638
2 740
1 6549
0 6898
1 7149
0 5603
2 837
0 1521
0 2058
1 5835
0 8030
2 242
0 2263
0 2516
0 5212
1 2664
2 76
1 2063
1 7287
0 3851
1 8286
0 8522
0 6785
2 170
1 8776
2 904
1 3286
1 4237
1 457
1 339
2 431
2 287
2 212
0 8748
2 25
0 6556
1 8405
2 425
0 4178
1 6738
2 619
2 976
0 6300
2 138
0 7102
1 8779
2 378
2 920
0 2941
1 1680
0 3259
1 4431
1 6019
2 955
0 997
1 9503
2 113
1 3031
2 961
0 543
0 5196
2 448
0 3679
2 124
1 4358
1 6163
1 3865
1 5635
1 5634
1 6434
0 4196
0 178
2 155
1 5467
0 6681
2 423
1 8036
2 85
1 5127
0 8335
0 1377
1 3455
0 1445
1 1479
0 6989
0 62
1 6556
1 9218
0 6153
0 5629
2 704
1 4711
2 129
2 315
2 37
1 8610
1 2337
2 334
1 3860
0 7213
0 5441
2 473
1 3867
0 6459
1 4994
0 2854
2 830
1 9830
2 583
2 507
2 717
0 4310
1 8457
1 5996
0 5180
2 587
2 318
1 5322
2 456
0 3429
1 3870
2 430
0 2905
2 83
2 982
0 1303
0 5946
1 9209
0 5971
1 9425
2 747
1 4477
1 2257
1 422
2 793
1 9089
1 2839
1 6682
1 6589
0 7191
0 9773
1 6110
2 681
2 917
1 3229
0 6639
2 660
1 7713
0 3619
2 203
2 833
0 6059
1 3578
0 9627
0 2959
1 2931
2 166
2 115
0 7065
1 7614
0 1643
1 7346
0 8073
0 9812
2 954
1 5949
2 568
0 1769
2 745
1 9426
1 4567
1 9498
2 410
0 1064
0 3693
0 7814
0 9283
1 6287
1 6572
2 810
2 430
1 6710
1 8766
0 5593
2 258
1 2986
1 81
2 973
0 5843
0 5352
2 582
2 757
0 4679
2 152
0 2669
0 6427
0 6384
0 3305
2 432
0 1370
0 6623
0 6753
0 3194
0 7241
0 9987
0 4926
2 846
1 3628
2 272
2 345
0 1128
1 8713
0 5720
2 901
0 9973
2 964
1 1094
1 9653
0 9238
0 9677
2 219
2 139
0 3460
2 650
2 652
1 4275
0 6183
0 7866
2 406
0 8296
1 9969
0 6984
0 695
1 1703
1 6235
1 1862
2 233
0 5434
2 462
1 4682
0 1890
1 7851
2 464
2 997
1 5301
1 9099
0 2568
1 6334
2 542
0 5901
2 212
2 8
2 736
1 2961
2 381
0 5843
2 930
0 126
0 2115
0 5368
1 1079
1 2687
2 690
0 9614
0 6116
0 342
2 963
1 5403
2 865
1 5345
1 8711
2 817
0 7586
1 1024
1 1103
0 3470
0 7212
0 5829
1 7883
1 9150
2 731
2 494
1 2627
1 294
2 506
2 375
1 9532
2 449
2 292
2 317
1 8260
0 6208
0 9151
1 8645
2 18
2 373
1 9991
1 789
0 5378
1 254
0 9427
1 564
2 863
1 2429
2 692
1 1934
2 224
0 3360
0 2883
0 1134
0 6152
0 3267
2 990
2 511
0 7844
1 2076
2 572
2 258
2 404
2 226
2 61
2 885
0 5050
2 695
2 57
2 370
0 9314
1 5576
0 3734
2 85
2 605
2 155
2 192
2 249
0 9149
1 9649
1 1676
1 8971
0 7080
2 736
1 369
0 7089
2 74
0 5256
0 9707
2 876
1 5396
1 255
0 4457
1 9645
2 387
1 6073
0 4155
1 8630
2 367
1 1595
2 341
1 81
1 4053
0 1354
2 415
1 5878
1 6792
1 3222
1 5240
1 3912
2 851
0 7370
1 1382
2 25
1 8348
2 545
1 3240
1 8638
1 3578
1 1054
2 281
2 998
2 941
0 9914
2 877
0 6476
0 164
0 2666
1 9848
0 9308
1 1125
1 2667
2 300
2 165
1 353
0 3371
0 2349
2 548
1 9268
0 2776
0 1927
1 8044
0 3099
2 634
1 9984
2 20
2 311
1 8179
1 6877
1 5411
2 525
1 6752
1 8492
0 5723
1 334
0 2160
2 410
0 706
1 3619
2 285
2 905
1 3769
0 2274
2 464
2 449
2 273
0 1545
0 3703
2 77
0 4149
2 427
1 9724
1 5570
2 193
1 7478
0 9144
1 7845
0 5052
0 1215
1 1974
1 2461
1 1805
2 689
2 39
0 1287
1 5134
0 3558
2 29
0 5288
2 466
1 3376
0 2001
2 943
2 404
1 3104
2 270
2 343
0 9571
1 6371
1 703
1 7215
0 9576
0 696
0 6253
2 481
1 1456
2 743
1 8466
0 6862
0 3869
0 1233
0 1884
1 1085
2 769
1 4126
2 146
0 4235
2 846
0 3621
0 3621
2 834
0 5678
1 1238
0 9008
2 935
0 771
1 9452
2 160
0 6816
0 4345
2 769
2 863
0 9560
0 9569
2 87
0 4319
0 971
2 136
1 493
0 6662
0 9598
1 3147
0 6441
0 2291
2 40
2 55
2 515
2 909
2 899
1 7896
1 8206
1 5448
0 4917
2 773
2 623
1 1614
2 453
2 758
1 5868
0 6941
2 286
2 343
2 938
1 2732
2 754
0 956
0 1899
1 7632
1 5917
1 2227
0 8828
1 4333
0 1307
1 3402
2 814
1 2506
1 4189
0 1732
0 4822
0 4659
0 4148
0 821
1 8372
0 2864
0 2880
1 9143
0 7989
2 777
2 809
0 9176
2 787
0 9958
0 7623
0 8345
0 5211
0 3867
0 1324
0 1760
0 5845
1 6689
0 2420
1 3137
2 201
1 6057
1 8449
2 270
2 691
0 1096
0 7059
1 6039
0 1502
0 7983
1 947
0 8874
2 436
2 822
0 4099
0 9900
2 862
0 6221
2 754
0 6107
0 7944
1 1701
1 5701
0 3626
1 4000
2 638
1 1352
2 809
2 987
1 1563
1 379
1 6439
1 7422
0 8788
1 4292
0 5776
0 1154
2 994
0 7923
1 412
1 1532
1 6870
2 110
1 7660
1 3982
0 1312
2 68
2 972
0 3116
2 577
1 2459
0 5997
2 173
2 682
2 586
2 158
1 3084
0 2984
0 2473
1 1527
2 622
2 352
0 3295
2 772
2 80
0 3820
2 141
1 6877
0 2111
2 916
2 363
0 1723
2 825
1 911
1 1705
0 9889
1 7982
0 1187
0 9354
1 7689
0 8764
1 3422
0 4031
0 6027
0 349
1 470
0 8638
0 7057
0 9606
0 3976
1 3112
2 194
0 3626
0 2372
2 474
2 949
0 4274
1 2737
0 5916
2 80
1 6658
1 2955
0 6169
1 8543
0 4333
2 979
2 908
0 4892
2 756
2 839
2 2
0 8516
1 7155
1 2609
2 637
2 568
0 1034
0 1029
1 5008
2 933
1 4795
0 5843
1 3557
2 294
2 70
1 6130
0 5590
0 1387
0 8603
1 2168
2 375
2 70
1 9204
0 8349
2 765
1 2610
2 950
1 2689
0 5540
1 6887
0 9691
0 3327
0 6719
0 4379
0 8711
2 664
1 7109
0 9968
1 5442
0 3230
2 870
1 8260
1 645
1 325
1 9293
2 878
0 2933
0 4266
1 6821
0 1327
0 7898
0 7060
2 803
1 7672
2 805
0 9283
2 309
0 7662
2 484
0 9924
2 155
2 312
2 716
1 6842
1 8739
2 222
1 8849
1 1644
1 2662
0 9416
0 6571
2 381
0 2595
1 9757
1 2170
1 7931
1 4738
2 726
0 7499
2 223
0 4981
0 9228
1 95
1 3417
2 289
1 9822
2 788
2 183
0 4172
1 6977
1 7627
1 2770
2 866
1 6971
2 49
1 8756
1 6375
1 5657
1 1562
0 5580
1 4613
0 6625
1 5392
2 203
0 2758
0 2259
1 272
2 545
1 1416
1 7807
1 7988
2 9
0 7253
1 7186
1 7527
0 5975
1 4520
0 3694
1 117
0 5829
1 1093
2 961
0 5822
2 300
1 7493
1 1853
0 3731
1 2549
2 404
0 6151
1 5206
2 276
0 7430
0 5991
1 8543
1 423
0 2613
0 7354
1 1455
1 2025
1 1176
1 7133
0 2175
0 2243
2 847
0 494
2 687
1 9760
2 972
2 820
1 276
0 4254
0 1366
2 767
1 8321
0 8121
1 6285
2 75
2 764
2 103
1 7747
0 6150
1 1138
1 1627
1 8015
1 1830
2 116
0 7533
1 396
2 534
2 396
2 456
0 5077
0 5064
1 1030
2 154
0 3972
0 9749
2 995
0 8675
0 7558
1 8964
2 294
2 124
1 762
2 840
1 6416
2 768
0 1003
1 6916
2 519
1 7162
1 2499
0 3337
1 4640
2 947
1 8869
2 91
0 7642
0 7851
1 5110
0 5838
0 1936
1 9372
1 2628
1 1324
0 1097
1 9701
0 1750
2 510
1 1403
0 8590
1 9375
0 4787
1 8024
0 8125
1 5249
0 1013
0 3841
1 2828
1 3027
0 647
0 8990
0 425
2 609
1 3484
0 6464
1 4120
2 428
1 5560
2 425
0 8148
0 353
0 9389
1 2252
2 701
1 2721
0 2107
0 716
0 8804
0 4414
1 655
0 7066
1 3069
0 6388
0 14
2 501
1 2843
2 2
2 227
0 801
2 26
0 3301
0 7937
1 7608
1 7177
0 1734
1 9253
0 8961
1 6505
2 0
1 8692
2 738
0 3103
0 119
0 2401
0 1013
0 7146
2 774
1 1036
2 452
1 75
0 6046
2 776
2 70
0 3060
1 3498
2 209
1 9639
0 4653
0 3275
0 3382
0 6071
1 1307
2 196
2 186
0 6908
2 546
2 32
1 666
1 209
1 8096
2 818
2 459
2 809
1 3933
0 2653
0 2007
2 419
2 524
2 836
1 1710
0 1748
2 92
1 3106
2 945
2 802
1 3374
2 44
0 384
2 991
1 6254
2 433
0 7647
0 4279
2 375
2 269
2 426
2 533
0 2869
0 3137
1 4461
2 622
2 372
1 8507
2 791
2 748
0 7348
2 512
1 3059
0 588
1 8400
1 8623
2 408
1 555
0 8754
1 5627
0 7559
0 7404
0 1228
0 4449
1 689
1 9654
0 3753
0 5737
0 543
2 997
1 2314
1 4308
1 8910
2 970
0 7612
0 7233
2 353
1 9160
1 6900
0 252
0 5541
1 1979
2 468
0 8810
2 309
0 527
2 373
1 8161
0 8755
2 666
0 5895
0 7892
0 4885
0 6895
2 701
0 5727
2 340
0 8200
0 8127
2 967
0 2148
1 2989
0 4096
2 488
2 171
1 5572
2 814
0 9745
1 6868
1 7522
2 378
0 2787
1 3660
1 1638
1 701
2 301
1 577
2 508
2 985
1 3878
1 570
2 189
1 9266
2 445
2 827
0 6367
0 1576
1 1960
0 2845
1 3375
0 7619
1 9100
2 509
1 9223
0 6857
1 9227
2 890
2 249
1 2753
2 65
0 5275
2 579
2 888
2 843
0 4061
2 797
2 455
2 258
1 7613
2 729
1 1258
2 460
2 399
1 1034
2 39
2 48
2 776
0 2524
2 674
2 107
1 9129
1 1541
2 883
0 6032
0 2280
2 361
0 6208
1 6403
0 1670
1 3303
2 183
0 7742
2 277
1 2596
1 3934
0 3022
0 5428
1 9450
1 5039
1 7055
0 1517
2 356
2 524
1 4280
2 645
2 168
1 4073
1 4239
1 2403
1 2709
0 6860
0 2105
2 299
1 2899
1 9742
0 8061
2 333
0 5336
1 645
0 8198
1 3552
0 5393
1 5671
1 821
2 282
0 764
1 8318
2 467
1 777
1 5707
2 22
2 813
0 8096
0 8490
2 578
1 5845
1 9279
1 9670
0 3575
0 5729
1 6726
1 8779
2 936
0 2714
0 7374
2 336
2 489
0 7516
0 7668
1 8085
1 1750
2 550
0 7873
1 8684
2 201
1 548
0 7259
2 13
2 277
1 9467
2 397
0 461
1 679
0 8217
2 668
1 8156
2 658
0 2171
2 518
1 8611
0 1621
2 863
1 8487
1 8207
2 433
1 477
0 6858
1 3538
1 5268
0 2237
2 440
2 674
2 40
2 815
1 6123
0 9128
2 227
1 9330
0 2897
2 473
0 1564
1 1896
2 250
2 231
1 3541
1 6079
1 7645
2 529
0 4444
2 998
0 2921
2 101
1 9582
1 2317
1 4236
2 241
0 8619
1 6926
0 2449
2 524
0 6490
2 664
2 685
1 8535
1 8094
2 457
1 6683
2 621
0 8639
2 509
2 829
1 1380
1 4526
0 736
0 3897
0 5669
2 1
2 87
0 605
2 452
2 698
2 606
1 1032
1 6284
2 351
1 8899
0 1596
2 142
0 4939
0 5802
0 845
2 192
1 6489
2 772
1 1270
1 2145
1 7691
2 827
1 3200
0 4746
1 8641
0 1233
2 663
0 9064
2 751
2 310
2 904
2 922
2 54
0 8976
1 1901
2 641
1 8391
0 4667
2 560
2 466
0 9412
0 7184
0 1255
0 3963
1 3818
0 7136
2 846
2 109
0 2365
0 817
0 249
2 21
2 828
0 6583
1 644
0 4478
2 984
1 6098
0 615
2 622
2 348
0 6349
1 2424
2 95
0 219
2 176
0 5356
1 5460
0 9553
1 3873
1 9640
1 6606
0 2717
2 693
2 547
2 47
0 2876
2 90
0 6967
0 2794
1 9971
0 358
0 9229
1 5318
0 565
0 5332
2 24
1 2395
1 7348
1 9000
2 884
1 1774
2 899
1 9728
2 723
2 949
2 613
0 5236
1 8380
0 495
0 2449
1 1856
2 682
0 8362
0 3584
1 3341
1 3184
1 6859
0 496
1 4491
1 8165
1 7637
1 2904
0 6010
2 613
0 2935
2 139
2 397
2 904
1 2384
2 970
0 7763
0 3545
1 7770
1 266
1 8123
2 895
1 2729
0 4985
2 949
0 7949
1 6048
1 7223
0 7552
1 8720
0 1597
2 836
1 4017
2 668
2 230
0 401
1 1736
0 2540
2 121
2 955
1 4993
2 949
0 3197
1 7420
2 569
1 3390
2 726
1 3002
2 2
0 3074
2 934
2 910
0 9184
2 189
0 9172
2 382
0 1664
1 7911
0 6395
2 831
1 4176
2 573
2 616
2 273
0 1124
1 1216
2 198
2 425
0 8321
1 4275
2 31
2 801
0 7767
1 9541
1 3957
0 8954
1 2268
2 957
2 612
0 7326
2 82
0 6770
2 156
0 6681
1 3529
1 7383
0 5404
0 8520
1 4019
1 6390
1 8623
2 246
0 2733
1 2030
0 7057
2 880
2 60
0 7039
1 2950
0 2061
2 102
0 6672
1 7542
2 230
1 9605
2 224
1 395
2 547
1 9447
1 8334
1 3209
0 736
2 906
1 5983
1 7848
1 4843
2 19
0 1663
0 9411
2 835
0 9023
2 994
2 800
1 5251
2 927
0 3952
2 977
0 8999
2 881
1 7203
2 573
2 189
0 6265
1 6365
1 234
1 7396
1 1663
1 1380
0 9118
0 3462
1 2921
2 993
2 480
1 7891
0 266
0 6638
2 984
0 4627
2 479
2 448
0 2062
0 637
0 9231
1 9740
0 5001
1 9445
0 6969
2 332
1 4659
1 1749
1 9015
0 3627
1 9623
2 767
2 195
1 5796
1 4047
0 4090
2 480
0 4331
1 3385
0 431
2 950
0 4833
2 132
1 1793
1 7674
2 190
0 6380
1 8067
1 8092
0 8697
2 29
0 8121
1 2970
0 1256
0 2580
1 9413
0 8150
0 2601
1 7181
0 2524
2 616
0 8506
0 6714
0 7231
0 436
0 3298
2 506
2 853
1 224
2 709
2 783
0 7593
0 7108
2 816
2 729
1 1849
2 147
2 871
2 328
2 934
2 822
1 7154
2 676
0 4032
2 183
2 249
1 3990
2 836
1 2991
2 809
0 3567
1 6449
2 300
0 9579
2 745
1 6350
1 4272
0 1673
0 5548
2 438
0 3186
2 341
1 9679
0 978
0 4648
2 565
1 1714
2 960
0 3621
1 996
2 81
1 9460
0 3554
1 2480
0 9543
2 284
1 6449
0 6257
0 726
2 785
1 2656
0 9942
0 8325
2 543
1 5089
0 9375
2 648
0 7347
0 2673
1 1845
2 304
0 1297
2 999
0 4675
1 7493
2 880
2 239
1 872
0 4644
1 5371
0 9096
2 834
1 6286
0 8323
2 187
1 1175
0 1207
2 710
2 637
1 8276
0 4313
0 373
1 2170
0 134
1 260
1 5603
1 2956
1 3993
0 2341
1 4554
2 883
2 547
2 455
2 759
1 4367
2 115
2 565
2 444
0 1831
0 3694
1 2789
2 415
2 959
1 1341
2 681
0 2502
0 7977
1 2045
0 6914
0 9817
1 4574
0 2666
1 5207
2 75
2 804
2 183
1 3749
0 2932
2 683
1 1637
2 16
0 5646
2 846
0 7030
2 639
1 3016
0 4172
1 1193
2 914
1 9121
0 2754
2 437
0 9643
0 6202
2 158
0 6473
2 103
2 624
2 886
2 123
2 647
1 6223
1 2641
2 273
1 2071
0 5333
0 5514
0 1329
0 7021
2 798
2 442
2 305
1 9283
2 131
1 8940
1 9761
1 9511
1 2422
0 9753
0 6646
2 971
0 6650
1 4394
1 3092
1 4566
2 272
1 8241
0 4452
0 5091
1 8378
2 102
1 9451
0 476
0 5393
1 9733
2 840
1 6722
2 738
0 5740
2 888
0 4259
0 5651
0 3740
2 908
1 8575
2 921
1 1950
2 284
1 3244
2 900
2 297
0 8779
1 5175
2 351
1 9346
1 3927
1 359
2 881
0 2386
1 9283
0 8053
1 3266
2 622
0 8782
0 691
2 879
1 7909
0 6069
2 644
1 352
0 8340
2 209
0 210
1 5502
1 1504
1 9910
0 5989
1 5913
2 563
1 8030
2 519
2 269
1 3458
2 888
1 4704
2 204
2 987
0 4447
2 775
1 5382
2 108
2 517
1 1173
1 5641
2 848
2 583
0 9554
2 947
0 3651
1 9266
1 3958
1 4104
1 8158
1 2968
2 485
1 1528
0 6348
2 937
2 48
0 7033
2 774
0 5349
2 775
0 6660
2 954
0 6116
1 3589
0 6390
2 512
2 36
2 406
0 5921
1 1296
1 6987
0 3009
0 7105
2 324
1 750
1 3633
1 2409
1 3336
2 938
1 5098
2 137
2 513
2 20
0 6340
1 2309
2 412
0 9420
2 966
0 584
0 5332
2 391
1 5096
1 8496
2 755
2 806
2 365
0 9225
0 3885
1 692
2 825
0 7862
0 5002
1 2209
1 6512
1 3936
2 683
2 351
2 322
2 671
2 624
1 9780
0 564
2 139
2 478
2 102
1 7796
1 1769
0 8875
1 174
0 3123
1 9935
0 1015
2 823
2 181
2 502
1 9718
1 4307
1 3807
1 7435
2 414
0 7987
0 3702
1 7447
0 86
2 66
2 443
2 951
0 6758
0 9694
2 904
1 2974
2 586
1 1748
2 933
1 974
2 399
1 1784
2 142
1 6629
0 9557
2 471
0 608
0 9446
0 4683
0 2286
1 6560
2 884
1 8895
1 4809
1 6126
0 8074
1 7448
0 4174
2 179
2 37
0 8103
2 169
1 2027
2 242
1 2987
1 6790
2 632
1 8328
0 2574
0 6162
2 527
2 152
1 446
0 1591
1 6506
1 9942
1 9764
0 6024
1 5486
1 1206
2 587
2 437
2 998
2 12
0 8544
0 3959
2 52
1 2891
2 754
2 226
1 5507
0 1360
1 6554
0 9767
1 8541
0 6866
1 5322
2 296
2 664
2 421
2 938
2 171
0 6360
0 9940
0 8142
2 794
1 771
2 527
0 9396
1 5717
0 2366
1 8703
2 17
1 9343
2 111
2 471
2 442
2 947
0 7382
1 1041
2 797
0 5525
0 1002
2 877
0 2190
0 4688
0 3424
0 8596
2 776
0 3126
1 7845
0 2087
2 427
1 5764
0 7319
0 9881
1 2146
2 308
2 620
0 9899
0 2700
1 9302
2 68
1 6077
1 2191
2 3
1 3398
1 5013
1 3675
0 2024
2 758
2 898
2 366
1 9229
2 393
1 967
1 6419
0 5466
1 4520
1 4603
1 3450
1 3100
1 6753
0 7220
2 889
2 777
1 7502
1 8904
2 519
0 3739
2 631
2 847
2 497
2 889
0 8187
2 255
2 813
2 119
0 3772
1 1666
0 360
2 819
2 891
1 1733
1 7932
1 5944
2 17
2 969
0 1063
0 3705
0 2081
0 3593
0 8276
0 7802
0 5898
1 7415
2 796
1 3177
2 540
2 733
2 673
2 29
2 40
0 1121
0 8566
2 707
0 1092
0 3564
2 450
0 7769
1 3539
0 9366
1 3495
0 8386
2 380
2 858
1 1713
0 3803
1 8863
1 9941
1 9752
2 78
0 384
1 2916
1 2062
1 1646
0 2223
0 3461
0 9908
2 97
1 277
1 605
2 844
1 6813
2 568
0 7436
1 6473
2 898
0 8912
2 810
1 8940
1 9281
0 3462
2 958
0 7293
1 9788
2 11
1 8616
2 115
0 8562
1 4889
0 4980
0 6919
0 4572
1 8572
2 586
1 1474
1 5027
1 4238
0 1011
1 1519
1 1806
1 7544
0 2892
1 2204
0 1889
2 15
1 4808
0 3539
2 561
1 1109
1 5975
1 2972
2 387
2 831
2 144
0 8387
2 782
2 2
0 982
2 487
2 932
1 2444
0 4814
2 621
0 4447
0 8256
2 990
0 7777
2 114
1 1370
0 2285
0 8545
1 8393
0 3528
1 802
0 4950
2 978
2 696
1 9731
0 1380
0 6858
0 4601
2 721
2 325
0 4827
1 3653
2 708
0 3573
2 712
2 120
2 185
0 755
0 9904
1 8947
2 360
2 381
2 631
0 3581
1 3498
2 94
0 4163
2 814
0 3152
0 9432
0 5167
1 902
1 3147
1 1369
2 843
1 9038
2 64
0 8848
0 3971
0 9551
0 1969
2 485
1 1455
1 85
1 1058
1 7585
2 650
1 5952
1 2848
2 905
0 3991
1 9666
1 3653
1 4301
2 364
0 7797
0 705
0 805
1 1991
2 947
2 676
2 197
2 824
0 5628
1 1605
0 8729
1 5488
2 658
0 9614
0 3118
1 7442
0 7935
1 6267
1 6659
1 5983
2 765
2 224
1 8716
0 3921
0 7941
2 173
0 7474
2 776
1 2718
1 1295
2 334
2 945
1 3236
2 637
1 3982
1 5082
0 7808
1 7632
0 4169
1 3573
1 3431
2 148
2 888
2 131
2 569
2 743
1 4052
0 6679
2 897
1 9888
0 1769
1 7300
2 864
2 245
2 918
2 127
1 7689
0 6229
1 1074
1 8177
1 2859
2 216
2 521
2 690
1 4602
0 9847
2 446
1 2301
1 4784
1 2282
2 713
2 929
0 5381
2 775
0 5776
2 957
0 4248
1 8250
2 328
1 6357
2 464
2 60
0 9703
0 8579
2 37
0 1165
0 775
1 5034
0 8694
0 8964
2 141
0 5809
2 298
2 783
0 8269
1 6854
1 393
0 2032
2 307
1 7288
0 7825
1 3657
0 1620
2 110
1 7828
1 7489
1 1316
1 7612
0 6414
0 3264
0 9634
0 3953
0 3934
1 2828
2 295
1 6812
0 4922
1 2080
0 5513
0 9562
0 5966
2 528
0 9406
0 4282
1 4697
1 6856
0 4017
1 7063
0 3148
0 1315
1 6360
1 5929
0 1301
0 530
1 7550
2 285
2 619
0 3502
1 3753
1 7779
1 1684
1 5486
2 814
1 6357
1 5144
2 645
2 850
0 5492
0 390
0 9323
2 881
2 51
2 303
2 62
1 4505
0 7941
1 2094
2 459
1 5032
1 4245
1 4976
1 8034
0 9429
1 5989
0 5900
1 6817
2 384
2 973
1 7698
2 1
0 1465
2 474
0 444
2 650
1 6642
0 2005
0 4152
1 7802
1 9917
0 6106
2 545
2 53
0 253
0 6181
1 6982
1 6507
0 3217
1 8359
2 694
2 548
0 1970
0 7908
2 23
1 6056
0 5854
0 5973
2 143
2 61
0 3132
2 234
0 5697
1 1265
0 6458
0 8927
1 842
2 333
1 4615
0 1639
0 3309
1 1362
2 256
0 473
0 6548
2 204
2 58
2 249
0 9596
1 1543
2 974
2 580
1 7591
2 245
2 309
2 976
2 449
0 5571
2 751
2 740
1 9832
2 645
1 6539
1 6690
1 9065
1 8542
0 7760
1 2093
2 984
2 26
0 4987
2 570
2 20
2 288
2 2
0 8145
1 2434
1 270
2 989
0 1461
1 4249
0 7769
1 4353
1 3712
2 75
0 9853
1 6704
1 1574
0 3189
0 991
1 7444
0 3072
0 84
0 5204
1 3006
2 894
0 3021
1 5617
0 9279
0 4281
1 9656
0 8487
0 9695
1 5976
2 722
1 2451
0 8807
1 7248
2 521
2 522
0 5470
2 818
1 3587
0 8571
1 9484
1 5608
1 3339
0 1852
0 6862
0 8623
0 3852
2 145
1 2950
0 7903
0 7505
1 9098
1 2
0 4172
2 743
0 9159
2 194
2 241
1 1568
1 7377
1 1152
0 1569
1 3427
1 7664
2 442
2 89
0 1400
1 1261
1 9983
1 1343
0 880
1 695
1 7975
2 81
0 80
0 677
0 6900
1 2589
2 797
2 670
2 852
2 68
0 3952
2 768
1 83
1 7708
2 223
0 143
2 56
1 2453
2 821
2 458
1 8080
2 544
0 3780
0 4806
0 2454
1 8584
0 3790
2 669
1 7992
0 1189
0 1861
1 3133
2 134
0 9432
0 5068
2 467
0 7545
2 555
0 4969
2 998
1 5852
2 18
2 388
2 986
1 3980
0 4808
2 874
2 97
2 988
1 6005
0 778
1 4449
1 7152
0 6001
1 6716
1 5896
1 7256
1 8562
2 565
1 5728
2 583
2 818
1 4830
1 7373
1 5919
2 601
0 412
2 772
1 3168
1 8742
0 2415
0 8805
2 706
2 351
2 850
1 8712
0 6136
1 7975
0 8758
1 8380
0 1430
1 4079
1 1202
0 8462
1 1883
1 607
2 184
2 667
0 9483
0 4339
0 5792
1 8677
2 265
0 5598
0 4704
1 6086
1 4720
0 4328
2 832
2 299
0 9995
2 356
1 9368
2 980
2 677
2 318
2 354
0 3554
2 487
1 7606
1 3130
1 2060
1 6562
2 647
0 5530
0 4146
1 9432
2 641
0 4293
2 400
2 672
0 6346
1 5411
2 281
1 5405
0 6207
1 6821
1 9090
0 7359
2 732
2 139
0 1119
2 552
2 598
2 646
1 7245
2 717
1 9808
0 6196
2 922
2 940
1 2840
0 2754
1 2310
2 385
0 9356
2 745
2 607
1 718
2 280
1 8393
2 672
2 634
0 4513
2 551
1 497
0 8224
1 3842
0 1620
0 1092
1 2138
0 7071
2 362
0 2579
2 155
1 7884
1 8143
0 1871
2 384
0 3387
0 2826
2 697
1 9925
0 2028
1 6973
2 972
2 627
1 5058
1 9940
0 600
2 937
0 4147
2 579
0 8362
2 510
1 1712
2 833
2 533
2 951
0 2513
0 3189
1 8301
1 9028
0 5716
2 99
1 3168
2 115
1 598
2 968
2 295
0 7062
0 9081
0 9706
1 14
2 83
1 8408
2 476
1 6194
0 69
1 5464
2 93
1 4146
1 8652
0 5388
1 56
1 5838
1 5707
1 8870
0 2040
0 984
2 776
2 325
0 6101
0 9021
0 4065
2 994
0 9470
2 708
0 1536
0 9166
0 3512
1 5063
0 6276
2 98
0 9170
1 3898
1 7712
2 216
2 295
2 268
0 5671
0 2020
0 9424
0 5968
0 625
2 525
1 138
0 6060
1 6958
0 7435
0 5365
2 576
0 4841
1 3244
1 5469
0 7527
1 1268
0 8986
1 1353
2 435
2 8
1 8820
2 899
0 9345
0 8277
1 1134
0 817
1 9425
2 753
2 616
2 130
0 497
1 9589
1 9619
0 4437
1 5625
2 629
0 7456
0 9325
1 7588
2 263
1 3950
2 832
0 1817
2 239
1 8868
0 4372
0 2628
2 520
2 760
1 6223
0 6868
1 7678
0 4156
2 18
0 7311
0 3170
1 8977
0 7340
0 7361
2 782
1 6142
1 1948
0 2515
1 1018
0 9492
1 9709
1 2463
0 3389
2 709
2 471
1 2741
2 472
0 9384
2 156
2 815
0 9327
0 7951
0 9416
0 1129
1 6942
0 380
0 3334
1 6744
2 581
0 295
1 951
1 4768
2 381
1 4091
2 360
0 1129
2 288
0 6909
0 5898
0 5444
0 5011
1 5845
1 8667
2 507
1 2781
2 136
0 7457
2 211
1 6638
2 300
0 8445
2 587
1 5913
2 634
1 7172
1 1004
2 396
0 6882
0 5790
1 3465
1 21
1 5007
2 366
1 5099
1 9672
1 3250
0 4932
0 2155
0 1906
2 900
1 6638
2 761
1 3214
2 958
2 280
2 28
1 6937
0 6652
1 5110
1 7263
1 6202
0 9252
0 9636
0 4683
1 2611
0 3325
0 56
1 2555
2 814
2 498
2 789
2 646
2 960
1 1789
0 4869
0 5850
2 591
2 490
1 9214
1 6152
1 5987
2 377
1 9472
2 201
0 4827
2 125
2 496
2 25
0 841
1 1987
0 3803
0 5837
2 929
0 7977
0 3042
0 3035
1 2662
2 777
2 314
2 609
1 9499
2 340
2 143
2 173
0 2059
0 7038
0 7911
1 1934
1 9973
2 841
0 6745
1 4749
0 8262
1 1542
0 8675
0 2091
2 135
0 5341
0 9153
0 7758
0 7150
2 707
2 402
0 8616
0 1624
2 971
1 4828
1 4128
0 3345
2 720
0 6017
0 2898
2 114
1 2853
1 1668
1 7861
2 176
1 232
2 664
0 6135
0 8581
2 299
2 667
2 920
1 9145
1 1092
2 206
0 8881
0 4935
0 9853
1 2347
0 1774
0 1707
0 6245
1 3559
0 2980
2 458
2 825
1 3095
0 330
0 221
0 7402
1 1765
2 183
2 801
0 9656
1 8463
0 7178
0 2493
1 8526
0 8508
2 89
2 747
2 705
1 2962
0 9167
0 5160
2 181
0 5558
0 9978
2 805
2 299
0 121
2 668
0 6304
0 1371
1 9423
1 4259
0 4124
0 182
2 505
0 270
0 4975
0 3492
2 209
0 462
0 2161
2 301
0 9990
2 760
1 7624
2 746
0 3945
1 303
2 938
2 150
1 2538
0 1006
0 6570
0 4399
0 673
0 1521
0 4675
2 782
0 6952
0 3665
1 744
2 432
0 2844
0 5463
1 4172
0 3024
0 7805
0 577
0 1233
2 574
2 254
1 1092
0 864
0 4588
0 684
2 144
1 9378
2 517
2 311
2 715
1 312
2 34
2 691
1 5196
0 8606
0 6407
0 914
0 4718
1 9115
1 2299
2 391
2 393
2 587
0 8216
0 2449
1 6276
1 8260
1 7231
2 390
0 9678
1 6074
1 8
2 993
1 1470
0 6737
0 1556
1 3869
0 6642
2 730
0 5089
2 293
2 886
1 4342
2 272
2 487
0 7104
0 4840
1 4288
2 454
2 653
2 588
2 463
0 6284
1 2200
2 248
1 9687
1 5007
0 9324
0 4645
0 3945
2 80
2 681
0 866
2 677
0 9569
1 3042
0 4102
1 7903
2 530
2 397
1 97
0 5919
0 8561
0 806
2 364
2 907
2 215
1 6445
0 9707
1 4781
0 9231
2 743
1 8204
0 3720
0 8140
0 7653
1 4054
1 9695
1 5168
0 2173
1 5253
0 9613
2 985
2 313
2 562
1 7889
1 8439
1 8193
1 7004
1 6504
2 866
0 9735
2 43
0 1682
1 6283
2 711
1 7809
2 164
2 914
0 9920
0 1746
2 598
1 9481
1 9532
0 5145
1 4334
1 2897
0 2873
0 2555
2 163
2 476
1 6728
2 818
1 6582
2 585
0 4804
1 7015
1 4141
1 7665
0 5686
1 6061
2 296
1 3146
1 8641
2 674
0 892
0 5383
2 43
2 234
0 3606
0 6221
0 2163
1 5548
0 6085
1 6330
2 872
1 848
0 7702
2 659
0 6047
0 2972
1 7557
2 91
1 4631
2 135
2 782
1 2999
1 7168
1 8992
1 4465
0 4081
2 677
1 3945
1 5275
0 7169
0 3882
0 967
0 7553
1 5781
2 149
2 677
0 1071
0 8352
0 8321
2 419
0 5371
0 8683
1 9560
0 2968
1 3168
1 5215
0 9334
2 119
0 765
0 9072
2 46
1 4274
1 1971
0 2480
0 2675
1 9430
0 7661
1 2893
1 742
2 476
1 8702
2 366
0 8862
2 127
0 1831
2 823
1 8898
2 653
1 7843
2 751
0 8401
2 491
2 776
1 9635
1 6374
0 5118
0 7077
1 5817
0 3639
0 5568
0 3793
2 682
0 2670
2 991
2 508
2 738
2 707
1 5900
1 2813
2 969
0 2637
0 616
2 994
0 2006
2 987
0 1758
1 7732
0 9066
0 8297
1 3620
0 5461
0 6869
0 6008
0 3725
1 1009
2 71
2 458
1 9713
2 411
0 4462
2 564
0 369
2 480
0 6485
1 1119
2 648
2 381
0 5469
1 8825
0 1347
0 8965
0 6185
1 9743
2 442
2 397
1 556
2 510
2 569
0 6714
2 571
1 4994
1 7117
2 825
0 4982
0 8133
1 3268
0 8390
1 3348
1 1704
1 4696
0 6661
2 434
2 253
2 438
1 4932
0 9781
0 8653
0 8734
2 218
1 6694
2 639
2 12
2 211
2 562
0 1246
0 2201
1 1926
1 8733
0 2944
2 5
0 5924
0 4155
2 943
1 4191
0 9310
1 8302
1 7199
0 3200
1 8251
2 949
1 1852
1 6461
0 4595
2 94
0 4665
2 811
2 988
2 787
0 7868
2 730
2 929
2 559
1 382
0 2169
0 321
2 718
1 6062
2 865
2 884
2 90
2 964
2 680
0 3998
1 5205
0 3088
1 1748
2 446
2 523
1 2481
0 6183
0 1774
0 7679
1 3373
1 4846
1 8636
2 478
1 1119
2 416
0 2610
1 9688
2 822
0 791
1 5127
1 3889
2 614
2 676
2 614
1 8456
2 348
0 4442
1 5402
1 3104
2 716
2 434
0 2991
0 8174
1 5467
2 26
2 769
0 4554
1 3283
2 81
1 4813
0 1657
1 2571
1 6765
0 1676
2 84
0 9843
2 496
0 5571
0 6759
2 480
1 7984
1 3881
1 9047
0 2910
2 930
2 912
0 2370
0 3408
0 2375
0 5357
1 3921
2 111
2 438
0 4721
2 407
0 4521
1 8381
1 3652
0 8271
1 3639
2 63
2 488
0 816
2 849
0 6077
0 2764
1 1757
2 523
2 691
1 9993
0 5831
1 5751
2 562
0 7992
0 2318
1 4166
1 750
2 231
1 39
2 111
0 1018
2 246
2 45
1 5270
0 356
2 471
2 612
1 6751
0 6220
2 834
0 2728
0 7847
2 791
0 1397
2 732
1 417
2 908
0 7474
1 9639
1 9619
1 4360
0 2535
1 7500
0 4943
2 673
2 861
1 5801
1 2941
2 297
2 436
1 3198
2 500
0 370
0 4533
1 1572
1 6357
2 118
0 2773
0 882
0 8761
1 7358
0 3431
2 653
2 957
1 3415
0 2513
2 507
2 160
0 6342
2 815
2 299
1 6550
2 975
0 5575
2 974
2 96
2 76
2 661
1 7118
0 9507
1 6479
1 3499
1 2239
2 970
0 294
0 9199
1 2375
2 17
0 1424
1 5479
0 9142
1 4623
2 718
2 355
0 3777
0 1192
1 7787
1 8162
1 8849
1 4959
0 5724
2 878
0 9907
2 928
1 7412
0 8853
2 756
2 646
1 1065
2 176
2 943
2 145
1 348
0 3597
1 3829
2 834
0 2715
1 356
0 2434
2 30
2 76
2 275
1 8988
1 2134
2 558
2 124
2 320
0 4936
2 866
1 9097
0 3443
0 8398
2 726
2 513
2 475
2 225
1 3656
0 2901
2 692
0 5403
1 8931
2 657
2 570
0 8384
2 274
2 686
1 7623
1 8699
2 36
1 7293
2 832
0 3338
1 7250
0 983
0 1275
1 3024
2 938
2 504
2 745
0 9460
1 7259
0 2742
2 793
1 2476
1 4331
0 6120
2 566
1 7350
0 2050
1 3437
2 107
2 623
0 8760
0 1905
0 7406
2 912
0 6742
2 225
0 6010
2 567
1 849
2 570
2 760
0 2133
0 4093
1 5687
0 4735
1 8330
2 590
1 6063
1 4305
2 432
2 975
2 842
2 765
1 8808
0 2253
1 1371
1 273
0 2223
2 542
0 2236
2 253
1 9
1 7153
2 809
1 3961
2 521
2 170
0 5829
2 774
2 422
1 8207
0 2559
1 5448
1 5551
0 9045
0 7388
2 835
0 6373
2 252
1 9669
2 595
1 6553
0 4868
2 972
2 607
1 5306
1 5889
0 5468
1 9001
2 856
1 5159
1 9628
2 240
1 8075
2 682
0 1417
1 8976
2 679
2 305
2 915
1 6815
0 9770
0 8681
2 674
0 8961
0 2081
2 396
0 337
1 4063
2 130
1 2509
0 6372
0 9746
1 8034
1 2384
0 8290
1 1655
0 4608
0 2354
2 437
2 301
2 178
2 451
1 3353
0 3242
1 2169
1 6429
0 9941
2 440
2 533
2 151
2 869
1 738
0 9863
1 1011
1 4409
0 3390
2 736
0 7379
